Frequency H/V Low_err Upp_err Coherence
-10.0 0.345776283516 0.198245911772 0.516638128123 0.312783314638
-9.98044965787 0.342016806125 0.199090394976 0.521798784388 0.310650802915
-9.96089931574 0.346619741976 0.20047855941 0.521327391903 0.307002801123
-9.94134897361 0.349330665383 0.20374618123 0.52624495479 0.306548836003
-9.92179863148 0.349975519406 0.207449413946 0.535797731856 0.306853021481
-9.90224828935 0.349210163364 0.208023662871 0.541826022811 0.305140915662
-9.88269794721 0.349054733074 0.209061826254 0.542953893547 0.305042825895
-9.86314760508 0.350338532074 0.211440927684 0.546312430351 0.303877566003
-9.84359726295 0.353030513564 0.211688439754 0.556336532397 0.301753228319
-9.82404692082 0.355824050742 0.211018191976 0.559074288925 0.299658752449
-9.80449657869 0.362341217794 0.212132895314 0.561706383572 0.298956904676
-9.78494623656 0.361235207212 0.215363915967 0.561605546318 0.298289472636
-9.76539589443 0.360697409778 0.211257063267 0.570181157374 0.298222651713
-9.7458455523 0.360920843046 0.212172965163 0.572412313637 0.298321896493
-9.72629521017 0.362585733094 0.216200415088 0.575922257156 0.297710985069
-9.70674486804 0.365460041204 0.216643293177 0.581042315165 0.298962382627
-9.6871945259 0.365312792706 0.216119205197 0.583891527018 0.296216811366
-9.66764418377 0.366691911097 0.216834912449 0.584792032546 0.295806367234
-9.64809384164 0.367959103521 0.218599439835 0.585694806802 0.296122552889
-9.62854349951 0.369372535002 0.217435775442 0.582371149998 0.298023542076
-9.60899315738 0.373999903956 0.217808946977 0.587701928663 0.299894360303
-9.58944281525 0.377898107091 0.217583248881 0.594441722325 0.297605226204
-9.56989247312 0.382245578721 0.222500097167 0.600586580154 0.296635763158
-9.55034213099 0.383610827839 0.223658655051 0.608740533979 0.296947324816
-9.53079178886 0.389285302837 0.221487265705 0.610854501853 0.298023160166
-9.51124144673 0.389836804589 0.228323600741 0.612812301336 0.297998194431
-9.49169110459 0.391408348137 0.230090150271 0.615041511658 0.298797201809
-9.47214076246 0.393963368046 0.234828995479 0.61562806789 0.297186950253
-9.45259042033 0.393708944094 0.240889203781 0.607393016769 0.296033343146
-9.4330400782 0.394103939382 0.24558849119 0.608584390418 0.295398488506
-9.41348973607 0.394540168884 0.248143968372 0.610515740577 0.295137189767
-9.39393939394 0.398801387392 0.252444968772 0.612710770269 0.297394690214
-9.37438905181 0.40079500779 0.256446930706 0.617688290702 0.301158321514
-9.35483870968 0.402028047601 0.255012727814 0.620930425887 0.302782567574
-9.33528836755 0.406300940543 0.258738540213 0.625153301209 0.305153008859
-9.31573802542 0.412305301835 0.260796505782 0.630419142846 0.307150382215
-9.29618768328 0.414540127847 0.267490311581 0.633519095154 0.307982496689
-9.27663734115 0.424475661698 0.270412995355 0.639971889849 0.308395055187
-9.25708699902 0.427677452485 0.276522543017 0.64921414713 0.311647182083
-9.23753665689 0.432517947907 0.280778314743 0.658732702047 0.312833422474
-9.21798631476 0.434406405862 0.280453966974 0.670514220698 0.313258335155
-9.19843597263 0.434903162893 0.280138092016 0.679689974425 0.314145926932
-9.1788856305 0.438063217797 0.283029810896 0.675371465463 0.314099279499
-9.15933528837 0.446661794463 0.282730174214 0.676539570906 0.315043863846
-9.13978494624 0.454889216843 0.283057439136 0.687468583159 0.315285102186
-9.12023460411 0.453171135915 0.285617644395 0.692958256637 0.317630095621
-9.10068426197 0.450837697043 0.287019295362 0.698180406058 0.320381789111
-9.08113391984 0.457082585513 0.284948749972 0.707514367615 0.321645931394
-9.06158357771 0.4605578523 0.288433426341 0.715066873687 0.32299006529
-9.04203323558 0.462620163468 0.286906993326 0.722907778359 0.32177411624
-9.02248289345 0.461059061737 0.288234116236 0.717482908815 0.32320885558
-9.00293255132 0.457833802625 0.290210331511 0.713058703789 0.322642342449
-8.98338220919 0.45302256556 0.290289775938 0.71582826549 0.32379954759
-8.96383186706 0.457334102909 0.287503346028 0.708935088041 0.324096846247
-8.94428152493 0.456123327105 0.28631095807 0.694384332175 0.324863272431
-8.9247311828 0.456754934687 0.286629946696 0.688799927438 0.325429665091
-8.90518084066 0.451938039961 0.284895876184 0.673298884421 0.328186300003
-8.88563049853 0.447415478071 0.288249367451 0.675371243622 0.329037904645
-8.8660801564 0.440266346103 0.288781356134 0.667454277347 0.330425342211
-8.84652981427 0.440347034698 0.28695226215 0.670314609016 0.33034441886
-8.82697947214 0.441607193492 0.285126643665 0.673329623347 0.330025842616
-8.80742913001 0.43528196649 0.279267103037 0.655542461214 0.331324860904
-8.78787878788 0.43360376584 0.279106979651 0.649718375538 0.332744199397
-8.76832844575 0.427038123822 0.277820920857 0.650229009844 0.334820659637
-8.74877810362 0.432667139012 0.27465868863 0.652525112509 0.336053916144
-8.72922776149 0.434981021169 0.272411543056 0.652638322128 0.336335389312
-8.70967741935 0.436990230662 0.275082133805 0.650148359155 0.336929469754
-8.69012707722 0.436058313075 0.274727303381 0.647396177009 0.336108958652
-8.67057673509 0.437510593615 0.275914885009 0.648311818585 0.335842359502
-8.65102639296 0.43635802822 0.273974252021 0.644846087697 0.336583873575
-8.63147605083 0.432267823905 0.273441015987 0.641162752483 0.335126385749
-8.6119257087 0.432011782855 0.276547240755 0.640121068104 0.336865691612
-8.59237536657 0.431550721348 0.274594696456 0.645435092919 0.336537748498
-8.57282502444 0.430676183384 0.274665555898 0.641943649901 0.338075000566
-8.55327468231 0.431724257968 0.277650580638 0.646898647544 0.335884345496
-8.53372434018 0.429680290091 0.279586252963 0.650139989943 0.335035712513
-8.51417399804 0.43534471446 0.283716291287 0.645987426258 0.335077823196
-8.49462365591 0.437029325051 0.286898939815 0.640460977372 0.336627111176
-8.47507331378 0.436980904996 0.285708994335 0.652258101514 0.336876087831
-8.45552297165 0.441306885264 0.288355963384 0.661136877886 0.336654158305
-8.43597262952 0.443724002795 0.290066114111 0.662804887781 0.335170900253
-8.41642228739 0.446229625408 0.29846658075 0.671273447134 0.334165380409
-8.39687194526 0.448549775944 0.304991195267 0.668618848262 0.333021308301
-8.37732160313 0.452053003369 0.311630232184 0.673153193487 0.335333717313
-8.357771261 0.455998857625 0.309967178914 0.672167363405 0.334913465284
-8.33822091887 0.459180425991 0.313676304677 0.680894537923 0.3350535408
-8.31867057674 0.461216273654 0.316663520672 0.688197442672 0.335584885067
-8.2991202346 0.462347004797 0.321414293492 0.686492150189 0.336327939022
-8.27956989247 0.464969058087 0.321984297265 0.688633464507 0.336862501684
-8.26001955034 0.466700539643 0.318934093258 0.694373513761 0.336012348086
-8.24046920821 0.465423278157 0.318013762678 0.69039153441 0.340129318848
-8.22091886608 0.466944786188 0.31921623318 0.689641855557 0.343476685504
-8.20136852395 0.472900438914 0.319542460784 0.689728171442 0.343179937324
-8.18181818182 0.472155287145 0.318733314037 0.70156796954 0.34417886046
-8.16226783969 0.473280362314 0.318415555401 0.701427628183 0.344712876918
-8.14271749756 0.472198876888 0.318445956061 0.703391357386 0.346215794744
-8.12316715543 0.471335742813 0.315340516912 0.702229844656 0.348827622109
-8.10361681329 0.471148620887 0.309664422512 0.698224915869 0.351542209511
-8.08406647116 0.469872237281 0.305613302625 0.696374710316 0.352396124081
-8.06451612903 0.470260878937 0.30672171457 0.694526134105 0.353425371413
-8.0449657869 0.469446376725 0.307377571526 0.697846930627 0.354721979714
-8.02541544477 0.465782953771 0.308104463674 0.692012348834 0.356568950849
-8.00586510264 0.461215814241 0.302478516664 0.695465066232 0.357634256746
-7.98631476051 0.456974543285 0.303622581108 0.679192525704 0.358618098523
-7.96676441838 0.45608651897 0.302983151644 0.673199071037 0.361497388715
-7.94721407625 0.453387199143 0.295729797525 0.66636612587 0.364720371063
-7.92766373412 0.448606534333 0.294313124697 0.651928116516 0.366232454863
-7.90811339198 0.440229239908 0.290944300909 0.649117725424 0.368902167914
-7.88856304985 0.440515850581 0.288187400984 0.641600937645 0.372643978824
-7.86901270772 0.434233639155 0.283791450211 0.639139527101 0.375409393851
-7.84946236559 0.433601114708 0.283284643549 0.634602425649 0.379203289984
-7.82991202346 0.426902403187 0.281481851433 0.627992623022 0.381965909595
-7.81036168133 0.429536253324 0.281843549371 0.62423000118 0.385545232465
-7.7908113392 0.424416403629 0.277572416026 0.620198005536 0.387391636953
-7.77126099707 0.424423305339 0.274651700609 0.617332261683 0.390452851666
-7.75171065494 0.420297401205 0.272698082745 0.609427120858 0.394176049281
-7.73216031281 0.416372478534 0.272037080507 0.607352690151 0.399877560236
-7.71260997067 0.415500808983 0.270397274071 0.605749446294 0.402048204107
-7.69305962854 0.409477773463 0.269062448645 0.599058041635 0.40572706406
-7.67350928641 0.410066539709 0.268441490057 0.588066267273 0.411174632638
-7.65395894428 0.405612845309 0.26779855633 0.582640554108 0.413063131055
-7.63440860215 0.400835579322 0.26725247277 0.579372365464 0.416817638791
-7.61485826002 0.396951106112 0.268861675551 0.574365128654 0.421720038002
-7.59530791789 0.395770494926 0.267617100143 0.569752927018 0.426417031003
-7.57575757576 0.393078571254 0.265184857448 0.56908049916 0.429017419075
-7.55620723363 0.389519019566 0.264058246786 0.569161111458 0.432695464659
-7.5366568915 0.38884903075 0.260604327598 0.560770470871 0.436056181331
-7.51710654936 0.388321492784 0.26307986856 0.558150501949 0.441590833873
-7.49755620723 0.386730894944 0.261520779637 0.551764926732 0.447011616294
-7.4780058651 0.387775439747 0.255245902512 0.545225000677 0.449681657227
-7.45845552297 0.38329465531 0.252784016624 0.540167192182 0.45534588849
-7.43890518084 0.378523073677 0.250133095239 0.540839339191 0.459493146046
-7.41935483871 0.375332621433 0.250077414709 0.538253552326 0.462386995184
-7.39980449658 0.372748008029 0.252894421923 0.531627738176 0.466171345706
-7.38025415445 0.371453492086 0.249412793647 0.534684541749 0.471767831493
-7.36070381232 0.369538096212 0.247043416729 0.535095688898 0.475972235231
-7.34115347019 0.369990098987 0.246119251595 0.533838828861 0.479555762937
-7.32160312805 0.369469486169 0.244893767503 0.529779143188 0.486724810131
-7.30205278592 0.367781166955 0.243771493374 0.53388290334 0.493522052701
-7.28250244379 0.366552379853 0.243383992461 0.531120998624 0.496025445132
-7.26295210166 0.366914690156 0.24303995986 0.529528230323 0.49888598503
-7.24340175953 0.366349369527 0.243321532907 0.528830409464 0.503058546594
-7.2238514174 0.367091190423 0.246315584278 0.530389425013 0.506820388357
-7.20430107527 0.367350249451 0.247177634853 0.531281616705 0.511292630425
-7.18475073314 0.366034990569 0.24637088737 0.532296502922 0.51508148124
-7.16520039101 0.368437492446 0.246875632486 0.529104314203 0.520854777077
-7.14565004888 0.372986985576 0.247907164744 0.525976536448 0.52354619491
-7.12609970674 0.375232954515 0.250900336679 0.526602278953 0.525632976246
-7.10654936461 0.376517195395 0.253582802694 0.526933375462 0.528888033149
-7.08699902248 0.38386918375 0.254326506007 0.535433556567 0.534005632842
-7.06744868035 0.385960199595 0.256609132315 0.541700614269 0.537623118517
-7.04789833822 0.386921502663 0.258046503954 0.555226102085 0.53934965986
-7.02834799609 0.392584639451 0.260561082455 0.558965072554 0.53908750096
-7.00879765396 0.398835442775 0.27072430974 0.568186386592 0.54339163468
-6.98924731183 0.404478142795 0.276410125425 0.578857623838 0.543892504133
-6.9696969697 0.409625342363 0.278396964012 0.596212059183 0.544446728289
-6.95014662757 0.4226376974 0.283801135123 0.600959272019 0.545470409479
-6.93059628543 0.427575954008 0.282707405585 0.62104597838 0.545005031603
-6.9110459433 0.436350799823 0.291913329625 0.655468954676 0.546246970265
-6.89149560117 0.453420579465 0.300412699537 0.681091818386 0.546841332357
-6.87194525904 0.46215596726 0.299893105375 0.697559722453 0.54855722959
-6.85239491691 0.467293031177 0.305347307584 0.718723630226 0.547630507217
-6.83284457478 0.472079450687 0.308207954716 0.751674300991 0.546294858854
-6.81329423265 0.480137783305 0.312016649372 0.747088382651 0.545740730386
-6.79374389052 0.47938807801 0.302549921401 0.728726885072 0.543529502381
-6.77419354839 0.473299919033 0.305821278934 0.711128144099 0.542711977635
-6.75464320626 0.467820464709 0.301100423143 0.703361800057 0.542294076902
-6.73509286413 0.45467513458 0.300279750997 0.682175976097 0.542066161773
-6.71554252199 0.447349323806 0.298452482693 0.66752032676 0.539971462601
-6.69599217986 0.435940534799 0.29589630465 0.649202706312 0.539663646068
-6.67644183773 0.42671868974 0.291415202 0.627981373012 0.537127893118
-6.6568914956 0.416716060617 0.285890355121 0.61365081026 0.536332358361
-6.63734115347 0.411798368944 0.276635108651 0.600641277928 0.536109070076
-6.61779081134 0.407802797708 0.271148495851 0.58967895882 0.533746230257
-6.59824046921 0.399304056508 0.266236171339 0.5782919849 0.531786102303
-6.57869012708 0.394959084021 0.262949790904 0.565991349822 0.529782845821
-6.55913978495 0.38830476273 0.260229107802 0.554491114644 0.527439224459
-6.53958944282 0.383231501181 0.256744151093 0.556054735317 0.523235863087
-6.52003910068 0.378297528081 0.252234878961 0.543441973775 0.52366512318
-6.50048875855 0.373656603117 0.252790018208 0.533562383301 0.522952463165
-6.48093841642 0.372624274405 0.248565443073 0.527747136103 0.522122217721
-6.46138807429 0.36717005924 0.24858824128 0.519841410452 0.519265433192
-6.44183773216 0.36254977745 0.244967361335 0.521345678843 0.517107777084
-6.42228739003 0.364245790596 0.243138998483 0.517984936931 0.515775490212
-6.4027370479 0.364273214786 0.239820238579 0.516174728815 0.514027149074
-6.38318670577 0.361565911241 0.239729710431 0.509434069304 0.512299464982
-6.36363636364 0.361278571738 0.237476754289 0.505145058379 0.511330579038
-6.34408602151 0.357849929052 0.239049053912 0.498965722122 0.50869816113
-6.32453567937 0.352525204531 0.238987973481 0.499274198618 0.504590011436
-6.30498533724 0.353490496338 0.236107925231 0.499330820742 0.502788570805
-6.28543499511 0.353521779399 0.234076988475 0.495034552045 0.501938631895
-6.26588465298 0.350946362029 0.233805444399 0.496718564351 0.497194648657
-6.24633431085 0.348991987112 0.234223888346 0.493346609267 0.492926886308
-6.22678396872 0.348839087041 0.231118782745 0.48687574067 0.490671022475
-6.20723362659 0.349215547508 0.229411944967 0.486300481178 0.489129127633
-6.18768328446 0.349071961484 0.229873542365 0.484010476131 0.486462296277
-6.16813294233 0.347220838651 0.228793113127 0.486448760193 0.485292844926
-6.1485826002 0.349446939776 0.228076996421 0.488695313052 0.485171560705
-6.12903225806 0.350466906248 0.225707789153 0.48532454692 0.484060303514
-6.10948191593 0.349151902222 0.221586346577 0.485907216656 0.483390147938
-6.0899315738 0.351217083881 0.221099223375 0.488431902331 0.479987176387
-6.07038123167 0.348380419661 0.22107647292 0.488650926199 0.477980168495
-6.05083088954 0.347833480655 0.220168902391 0.489486265212 0.477287049632
-6.03128054741 0.348590940171 0.223199836958 0.493222537867 0.475249248552
-6.01173020528 0.349448664061 0.226133687412 0.495687358232 0.47757318796
-5.99217986315 0.351562773958 0.227664985767 0.50180866462 0.476978212983
-5.97262952102 0.350015882216 0.224946368829 0.499886962422 0.478320535453
-5.95307917889 0.350015369622 0.229686174025 0.505273500897 0.48099535421
-5.93352883675 0.349646115307 0.229289805397 0.508060949361 0.481822310526
-5.91397849462 0.349134390772 0.228512693625 0.510991651685 0.481567354432
-5.89442815249 0.345661448458 0.228349535092 0.513055838375 0.481694725606
-5.87487781036 0.347602856546 0.229837058831 0.518167644526 0.479900873871
-5.85532746823 0.348449832485 0.23088904621 0.519685205058 0.478067740659
-5.8357771261 0.350165312642 0.228699014158 0.52574446295 0.47978670896
-5.81622678397 0.351709793522 0.228987596244 0.532737697479 0.482803378707
-5.79667644184 0.348820661396 0.231188639546 0.534774945588 0.48391722426
-5.77712609971 0.350481088167 0.231581215073 0.540151736404 0.484705831929
-5.75757575758 0.351596899001 0.22801130159 0.545854747673 0.486243761295
-5.73802541544 0.358518990641 0.230321499656 0.545096990545 0.487358824436
-5.71847507331 0.361034965375 0.229051670002 0.546594419412 0.48851526603
-5.69892473118 0.365798548196 0.23130788867 0.551692496081 0.489448338109
-5.67937438905 0.368725566301 0.231972725062 0.549878947213 0.495004524781
-5.65982404692 0.371941551441 0.233559482675 0.547537391857 0.498221979442
-5.64027370479 0.377611003589 0.234923940643 0.557854612918 0.501292130392
-5.62072336266 0.379614638198 0.235750260439 0.564556799531 0.503329591649
-5.60117302053 0.380394453488 0.237585356976 0.570957049257 0.506407893079
-5.5816226784 0.381180749443 0.240952990191 0.575482895526 0.507832579873
-5.56207233627 0.385554671429 0.247019218822 0.573398567841 0.510065889059
-5.54252199413 0.389092850148 0.248840990838 0.579925623629 0.509667879308
-5.522971652 0.390104935825 0.256575805824 0.575620297149 0.50729793214
-5.50342130987 0.389471465706 0.260997550192 0.573989725048 0.505593859482
-5.48387096774 0.390439847143 0.262064601386 0.573637097471 0.508138778333
-5.46432062561 0.391420492494 0.261834913799 0.578965126165 0.510011408444
-5.44477028348 0.391883927074 0.261401818575 0.579247674773 0.513985877505
-5.42521994135 0.392941088376 0.264453372949 0.582736460798 0.513564969123
-5.40566959922 0.394577375736 0.263532743521 0.588945344144 0.514892672392
-5.38611925709 0.399802235797 0.263578374479 0.587612085714 0.51706270438
-5.36656891496 0.400176920112 0.265386026532 0.591240727312 0.523150165609
-5.34701857283 0.396778872874 0.265999725057 0.594929428838 0.52112495582
-5.32746823069 0.397002106262 0.267238857861 0.597739190772 0.520467971084
-5.30791788856 0.404024356351 0.269307387806 0.59999672805 0.520769058212
-5.28836754643 0.405981127524 0.272608535582 0.598674339248 0.517030007125
-5.2688172043 0.406864510484 0.274330616298 0.593735009594 0.517913846776
-5.24926686217 0.408368336531 0.273546473436 0.593452952315 0.515649171757
-5.22971652004 0.411642013411 0.274210174218 0.593093839707 0.516221330388
-5.21016617791 0.410406562515 0.274334441907 0.594428213206 0.515600220898
-5.19061583578 0.409917679913 0.272125239716 0.595309556042 0.512312755217
-5.17106549365 0.412586295688 0.271782938689 0.595828206774 0.512986012829
-5.15151515152 0.41624519399 0.272792433145 0.596449126242 0.510081538758
-5.13196480938 0.420552276414 0.274963517029 0.605260504798 0.505339904066
-5.11241446725 0.424237474456 0.273611433096 0.607976670476 0.501737466253
-5.09286412512 0.425940903699 0.268780444342 0.604930712004 0.497931313844
-5.07331378299 0.427015520426 0.272657010284 0.606175293552 0.494311602754
-5.05376344086 0.428685717736 0.274329062551 0.606777279467 0.49333030769
-5.03421309873 0.430229988177 0.275630015527 0.597089874024 0.489353686418
-5.0146627566 0.431132274394 0.279454350781 0.596760839728 0.486431162245
-4.99511241447 0.429965638221 0.283286627782 0.602169486172 0.481904326164
-4.97556207234 0.428766266649 0.2853953244 0.600469531317 0.477572891154
-4.95601173021 0.425390785269 0.288229765257 0.602899229722 0.472675806533
-4.93646138807 0.427541387549 0.283243176104 0.605544539891 0.469237981877
-4.91691104594 0.42880061594 0.287291364043 0.598275702556 0.465801174617
-4.89736070381 0.427413367781 0.2872236821 0.598270619581 0.461067250326
-4.87781036168 0.422649588173 0.291650004158 0.593865939351 0.456935863029
-4.85826001955 0.422996094273 0.292271516649 0.590240099062 0.45283604231
-4.83870967742 0.41641472668 0.283719305314 0.582051688951 0.450560083952
-4.81915933529 0.403522922638 0.278516479019 0.568277205921 0.448005010826
-4.79960899316 0.396022850054 0.272923863031 0.553308521164 0.447373334271
-4.78005865103 0.393525199463 0.265870144666 0.539989264011 0.441827780763
-4.7605083089 0.386420067052 0.260110670623 0.531994378001 0.438910340722
-4.74095796676 0.37438713215 0.249810480245 0.526261583187 0.433113381031
-4.72140762463 0.367824584365 0.242807369384 0.514254208459 0.429589236833
-4.7018572825 0.365548475261 0.235970236898 0.511560558679 0.426648152645
-4.68230694037 0.356918818455 0.237073943762 0.5017281646 0.424307550481
-4.66275659824 0.350958359673 0.230692168967 0.503733510254 0.421012487392
-4.64320625611 0.351994763947 0.231542634488 0.50063330438 0.416428851645
-4.62365591398 0.352412351769 0.230653018319 0.504832880005 0.41439662421
-4.60410557185 0.3465899161 0.22969951987 0.502752259732 0.408780676605
-4.58455522972 0.343723674723 0.227222917245 0.50198846177 0.405033331186
-4.56500488759 0.345574434646 0.225020729089 0.501832019201 0.40406675353
-4.54545454545 0.345442445792 0.224804642208 0.503970090384 0.400704317067
-4.52590420332 0.346593688271 0.225222107551 0.506449529698 0.396025093459
-4.50635386119 0.350845435477 0.22652099047 0.513159916597 0.392216027785
-4.48680351906 0.356667594238 0.226479306216 0.510738987725 0.390863021683
-4.46725317693 0.358400734728 0.226930371129 0.517097406458 0.388073159364
-4.4477028348 0.357966611883 0.227882330743 0.525903112256 0.383624078255
-4.42815249267 0.362108001706 0.227743196846 0.534743524033 0.381211357694
-4.40860215054 0.370639238214 0.231475506007 0.544261749897 0.375634436562
-4.38905180841 0.377163060766 0.233626632253 0.555501102785 0.373845483623
-4.36950146628 0.383040295177 0.232575877177 0.568158674337 0.370063101858
-4.34995112414 0.389797212266 0.238284105026 0.572929241792 0.365475533707
-4.33040078201 0.394936775585 0.240966204587 0.57966339962 0.361441542702
-4.31085043988 0.398543835147 0.247186027021 0.588734651337 0.355739523032
-4.29130009775 0.405525881205 0.250603614745 0.599403163347 0.353149217182
-4.27174975562 0.409920654343 0.253235742645 0.611309628624 0.350616177611
-4.25219941349 0.412850012798 0.255686186505 0.620013943794 0.347203104509
-4.23264907136 0.413336216777 0.262231258988 0.632992903119 0.343165009487
-4.21309872923 0.418164844731 0.265535624221 0.647425411117 0.340218653423
-4.1935483871 0.426284890676 0.267621405952 0.655392432542 0.337222643126
-4.17399804497 0.434904684323 0.270388421939 0.670669084618 0.33306056673
-4.15444770283 0.442309212609 0.278350492935 0.682624576098 0.329979275897
-4.1348973607 0.449837161589 0.28147933082 0.702477452625 0.327430256385
-4.11534701857 0.457743860901 0.292326242294 0.716960522224 0.32571545654
-4.09579667644 0.469129188658 0.294754841696 0.729376319066 0.323326249935
-4.07624633431 0.476085709546 0.298149344424 0.739116732984 0.319387712168
-4.05669599218 0.490008615041 0.302294870327 0.751711884392 0.316935160197
-4.03714565005 0.500127210781 0.309044140492 0.765845778181 0.312643615034
-4.01759530792 0.50850102536 0.312577036295 0.782930136545 0.311436254345
-3.99804496579 0.517185886862 0.3208992191 0.804176855423 0.308712496041
-3.97849462366 0.527861774598 0.327346555772 0.813078671798 0.304876850512
-3.95894428152 0.540997603194 0.333635500306 0.828536851002 0.302249244187
-3.93939393939 0.55173562148 0.345718558926 0.838797306482 0.299602749987
-3.91984359726 0.566142291366 0.350260791605 0.858657003738 0.295068060971
-3.90029325513 0.573827069835 0.359510626897 0.878027259893 0.294229394853
-3.880742913 0.592899541289 0.364105723013 0.897609591357 0.289560260167
-3.86119257087 0.609442122483 0.366090925771 0.923090171733 0.284980370747
-3.84164222874 0.626624844679 0.381514299021 0.943853086926 0.281399877663
-3.82209188661 0.638186987781 0.397859145672 0.970515209184 0.276389280724
-3.80254154448 0.658943867539 0.40779241192 1.00117266802 0.273694256813
-3.78299120235 0.678310484673 0.417715737114 1.02839118116 0.271762017162
-3.76344086022 0.684307803555 0.433591626411 1.06942405835 0.268090538508
-3.74389051808 0.709186362387 0.444180966205 1.11062580382 0.266708803704
-3.72434017595 0.738275417691 0.455720204636 1.15916760027 0.264282698399
-3.70478983382 0.765610910864 0.467066346779 1.19702643438 0.262209961715
-3.68523949169 0.789869545634 0.478061644867 1.2398248016 0.26091381038
-3.66568914956 0.816494801152 0.488725676842 1.29206937474 0.258287353315
-3.64613880743 0.847958304399 0.504498999412 1.34284145082 0.256895522902
-3.6265884653 0.870073461636 0.516467986253 1.3866837228 0.255633118106
-3.60703812317 0.898587322074 0.527222521866 1.45222105612 0.253879105224
-3.58748778104 0.927514744374 0.549068636342 1.50306152829 0.253279881531
-3.56793743891 0.961363826874 0.565706140955 1.58377754749 0.251973012431
-3.54838709677 0.99967995782 0.582260360944 1.63366597187 0.247258505938
-3.52883675464 1.03808068362 0.596444663878 1.6819173778 0.245900209206
-3.50928641251 1.07322474044 0.615243720576 1.75789089382 0.24412323328
-3.48973607038 1.12137848864 0.630787677491 1.82908959172 0.244500457119
-3.47018572825 1.1549794973 0.644196907318 1.91496138186 0.241429720005
-3.45063538612 1.19288987162 0.666101014546 1.98720020569 0.241469993396
-3.43108504399 1.25118125782 0.688378954648 2.03753147048 0.240446646737
-3.41153470186 1.28089255779 0.698719131587 2.10545560331 0.237725109296
-3.39198435973 1.31716722668 0.724092939014 2.1732405359 0.234889684596
-3.3724340176 1.35637570521 0.730845428306 2.25307279816 0.234521418568
-3.35288367546 1.38260687364 0.746613527785 2.27326326887 0.233956879506
-3.33333333333 1.40407443165 0.767896960713 2.37026054388 0.232920376747
-3.3137829912 1.4340693545 0.771218947055 2.44782112126 0.231641624375
-3.29423264907 1.44558901782 0.793208179387 2.44693260099 0.231165748021
-3.27468230694 1.44781744612 0.809895540391 2.45887729175 0.23052963757
-3.25513196481 1.46369996484 0.820423091295 2.49199765293 0.230928922359
-3.23558162268 1.46715419116 0.815651072361 2.53100581661 0.230779938779
-3.21603128055 1.48111335945 0.818427446404 2.53423966439 0.231363199514
-3.19648093842 1.48004205363 0.831045427635 2.56600436854 0.230259598805
-3.17693059629 1.47931478814 0.838063968348 2.48346382161 0.228955442101
-3.15738025415 1.48643324327 0.83226206373 2.45229589291 0.227581679853
-3.13782991202 1.50382213196 0.819016134524 2.48700921948 0.228975587679
-3.11827956989 1.48103766663 0.813412103322 2.51133516158 0.228841854398
-3.09872922776 1.47321995065 0.81814237569 2.50917709897 0.228530811408
-3.07917888563 1.45137460458 0.801863691402 2.49055479861 0.228827191277
-3.0596285435 1.44207267 0.794063068661 2.48838678197 0.227194967601
-3.04007820137 1.42155814684 0.797562562446 2.44316885012 0.226399070121
-3.02052785924 1.41329924134 0.794628453609 2.4354968147 0.227022602638
-3.00097751711 1.39710154646 0.781955068371 2.38529133632 0.225922352982
-2.98142717498 1.39531535072 0.770697604782 2.36125815096 0.225049152352
-2.96187683284 1.38136157116 0.783476959094 2.36480389712 0.225035473971
-2.94232649071 1.36804675715 0.774299871726 2.35204946491 0.226172207898
-2.92277614858 1.37263625194 0.781213603796 2.33483433951 0.225147068658
-2.90322580645 1.36903570042 0.764865442314 2.31371982102 0.225503562487
-2.88367546432 1.38593144613 0.763015244185 2.33734323337 0.226384525101
-2.86412512219 1.36764812292 0.758377367721 2.33686149537 0.225580737963
-2.84457478006 1.381383907 0.772530629059 2.35577020785 0.225773407061
-2.82502443793 1.39140364217 0.766861285405 2.32715725991 0.225376550578
-2.8054740958 1.41242174841 0.775082727472 2.35089715187 0.225321278073
-2.78592375367 1.42728356371 0.779758393094 2.35210963532 0.225541126102
-2.76637341153 1.42744071864 0.780098794326 2.35422900983 0.226684577965
-2.7468230694 1.44195019055 0.775231818364 2.381338187 0.225337825693
-2.72727272727 1.46003676256 0.789624612519 2.44465401833 0.226701594233
-2.70772238514 1.48176798995 0.79530813255 2.50522507301 0.227642323989
-2.68817204301 1.50898355779 0.803849169941 2.5519964495 0.228795254521
-2.66862170088 1.523892664 0.819593323215 2.61718401926 0.228317823084
-2.64907135875 1.56206101612 0.81958646197 2.63596048813 0.229273516179
-2.62952101662 1.59284539122 0.836923985405 2.69989324305 0.2281934523
-2.60997067449 1.62778688556 0.847255462943 2.7434855163 0.228304760281
-2.59042033236 1.63913402292 0.853434032722 2.82772807826 0.227434001075
-2.57086999022 1.65524938923 0.863159561305 2.91916437396 0.228447047637
-2.55131964809 1.67629563566 0.863804027416 3.02073395298 0.228624027124
-2.53176930596 1.69924229397 0.884045058445 3.03830180323 0.229101842602
-2.51221896383 1.74213792836 0.889636367072 3.1025976291 0.229245179293
-2.4926686217 1.75547210638 0.89472404052 3.16937540494 0.229963914335
-2.47311827957 1.79941368431 0.918415766746 3.28252865963 0.23031521022
-2.45356793744 1.79488929941 0.938526135817 3.3208693096 0.230690933034
-2.43401759531 1.8084088553 0.95159777972 3.36303817395 0.23032181829
-2.41446725318 1.80945329308 0.961329666297 3.40316773105 0.233230991574
-2.39491691105 1.8113992757 0.937469919498 3.40787284862 0.233982358104
-2.37536656891 1.85179181311 0.952249414221 3.34805661518 0.235802715794
-2.35581622678 1.84552561245 0.95531805153 3.35112593019 0.236281891589
-2.33626588465 1.83415408785 0.936254801768 3.37386814003 0.237573315575
-2.31671554252 1.81289009004 0.921649086051 3.32320936124 0.237203704315
-2.29716520039 1.78077977342 0.911875945598 3.2378788031 0.237810019193
-2.27761485826 1.70751781197 0.896176885642 3.17330402656 0.238047439743
-2.25806451613 1.6424391994 0.870577602166 3.08629516948 0.236852140826
-2.238514174 1.58334444873 0.852479351981 2.94733194271 0.23742891136
-2.21896383187 1.52911023484 0.822382529278 2.82551226802 0.237899858268
-2.19941348974 1.44521862476 0.778680707322 2.61464611888 0.239009338436
-2.17986314761 1.38086661208 0.745018852189 2.46494606271 0.239097903523
-2.16031280547 1.33589875135 0.730602012419 2.34972367664 0.239079991409
-2.14076246334 1.27824966905 0.707558376114 2.20667800088 0.241376082462
-2.12121212121 1.22134272917 0.681142523013 2.12392396615 0.242996295578
-2.10166177908 1.1705164159 0.665091095158 2.0463079282 0.244297990192
-2.08211143695 1.12038358148 0.643192190541 1.94577018843 0.24345595538
-2.06256109482 1.07872012781 0.625176465338 1.85919327469 0.246023519585
-2.04301075269 1.03091520087 0.607915010786 1.77550797048 0.245623303392
-2.02346041056 0.997572098316 0.587190612315 1.69170332742 0.245430979216
-2.00391006843 0.96564775831 0.563655257163 1.6216195708 0.246908336667
-1.9843597263 0.932185139345 0.547859607329 1.55783475959 0.247814520558
-1.96480938416 0.903215351627 0.534318064472 1.48871535478 0.248208167251
-1.94525904203 0.869078256158 0.519175819756 1.43540873696 0.249707924027
-1.9257086999 0.837515607882 0.500485653214 1.38598240744 0.250270212382
-1.90615835777 0.809654858823 0.489332233502 1.3511250116 0.251540883723
-1.88660801564 0.787049732632 0.480583356935 1.31341801638 0.252087821827
-1.86705767351 0.764104678506 0.469259603872 1.2717691977 0.25206593032
-1.84750733138 0.741734580103 0.456907859553 1.246458552 0.250929302094
-1.82795698925 0.718826456133 0.446459975916 1.22171101328 0.251755850444
-1.80840664712 0.701547727896 0.435686086186 1.19289670555 0.252261879109
-1.78885630499 0.689557525578 0.428689360909 1.16522765057 0.252471195554
-1.76930596285 0.672312890395 0.419593900871 1.13789847091 0.253162804699
-1.74975562072 0.659844203622 0.412942069974 1.11628938482 0.253702836069
-1.73020527859 0.643723303434 0.402271854098 1.10420770012 0.253960782049
-1.71065493646 0.634681491167 0.390830448716 1.08415491496 0.25509459178
-1.69110459433 0.620367523414 0.382739846103 1.0694467279 0.254083068838
-1.6715542522 0.607796701958 0.377190673777 1.05019081716 0.253795497904
-1.65200391007 0.60000451163 0.370885241775 1.03619256656 0.254337472417
-1.63245356794 0.586922630156 0.364878730478 1.02226181157 0.254418706274
-1.61290322581 0.577197840307 0.35862887459 1.00238931874 0.25455040197
-1.59335288368 0.568970660034 0.348706490163 0.986069829158 0.254975280556
-1.57380254154 0.55815270848 0.341230312039 0.970552352228 0.254581800347
-1.55425219941 0.552399859777 0.335763617056 0.947774455161 0.255043870585
-1.53470185728 0.544452243384 0.332683026353 0.934867598827 0.254872205258
-1.51515151515 0.53610437284 0.329844214501 0.930134002161 0.254940655276
-1.49560117302 0.526823945369 0.323355700413 0.919216145528 0.255716960148
-1.47605083089 0.517716334894 0.319345017169 0.908068659956 0.255413101853
-1.45650048876 0.513113659137 0.316970832131 0.893040364605 0.255703247028
-1.43695014663 0.505453716001 0.313332402531 0.879198591563 0.256072872901
-1.4173998045 0.499782640136 0.309333259522 0.869241948545 0.256637819908
-1.39784946237 0.493375901493 0.305281450383 0.855086597066 0.256008285731
-1.37829912023 0.487038213625 0.300915506484 0.846567044404 0.256234827327
-1.3587487781 0.48058449975 0.30033283007 0.838072048242 0.255986018239
-1.33919843597 0.474754203549 0.29692190348 0.832862967447 0.255731071078
-1.31964809384 0.469052938438 0.292185122557 0.830653531074 0.25566434443
-1.30009775171 0.463491858544 0.289293244697 0.821534733052 0.255802240091
-1.28054740958 0.461469015626 0.287546669033 0.8168534349 0.255906673196
-1.26099706745 0.458730359491 0.284028587961 0.806283425246 0.256523569776
-1.24144672532 0.45671098305 0.282117293207 0.797077100633 0.256604882093
-1.22189638319 0.454173535605 0.278991085191 0.798445522176 0.256087598785
-1.20234604106 0.453230769167 0.274702003917 0.789683337535 0.255877309709
-1.18279569892 0.449882808847 0.26969505186 0.786608860173 0.256614901337
-1.16324535679 0.446566698507 0.266066817217 0.786606429366 0.257084029876
-1.14369501466 0.442820984149 0.263948527177 0.780493861951 0.257910062501
-1.12414467253 0.44121618515 0.260534163064 0.775130882768 0.258179039272
-1.1045943304 0.438155666895 0.257476718853 0.770777307756 0.259129895701
-1.08504398827 0.433404637056 0.253379449373 0.767069568878 0.2597551797
-1.06549364614 0.430988819145 0.251224678137 0.766918977137 0.25998652078
-1.04594330401 0.426970811009 0.249569794975 0.765525774779 0.260345274603
-1.02639296188 0.424918745664 0.248465713037 0.761390129148 0.260242352005
-1.00684261975 0.421887423869 0.245683764139 0.757058378884 0.260311624697
-0.987292277615 0.419449428104 0.243690863765 0.752606908606 0.259820828272
-0.967741935484 0.417524896795 0.241538734428 0.751024290499 0.259471753578
-0.948191593353 0.416485136184 0.238678697901 0.745916140412 0.259199896064
-0.928641251222 0.414386023914 0.23651357761 0.743671918668 0.259106955153
-0.909090909091 0.414158131745 0.233285785704 0.740396363138 0.258999026489
-0.88954056696 0.413520094754 0.232668014361 0.737775136439 0.258591918839
-0.869990224829 0.413004056133 0.229262879534 0.733104238879 0.258650084103
-0.850439882698 0.412591736567 0.228237711529 0.730780676861 0.259972723508
-0.830889540567 0.413620151543 0.225725886708 0.732050471588 0.260516393236
-0.811339198436 0.413023625862 0.224286847224 0.729715570652 0.260321885726
-0.791788856305 0.414138377399 0.224819316813 0.727773327584 0.259574544976
-0.772238514174 0.411695055111 0.224465997433 0.724855547449 0.259540172778
-0.752688172043 0.409813542196 0.224783840975 0.72261003832 0.260380390043
-0.733137829912 0.409795519641 0.224044013948 0.720565351992 0.260928829348
-0.713587487781 0.409503563914 0.2232952065 0.72000507267 0.261725122899
-0.69403714565 0.409228978561 0.221927476045 0.71850874838 0.261827953544
-0.674486803519 0.407996341911 0.221988394591 0.715795048152 0.262240511192
-0.654936461388 0.404765846573 0.220858203932 0.714084448251 0.263026766607
-0.635386119257 0.401493156605 0.219682183077 0.709795736315 0.263300990281
-0.615835777126 0.399926414902 0.219486093647 0.706618609969 0.26348968951
-0.596285434995 0.39813505983 0.220065589271 0.703497289994 0.263485540061
-0.576735092864 0.398720419319 0.217451154507 0.700774718494 0.263360031717
-0.557184750733 0.399490591237 0.216359458431 0.699705198066 0.263982470373
-0.537634408602 0.401437114528 0.216059977082 0.697478508556 0.264613190745
-0.518084066471 0.402558640304 0.215153457321 0.696854488765 0.264792831532
-0.49853372434 0.401091497683 0.21382358146 0.696193800173 0.26519840977
-0.478983382209 0.399332723392 0.212487552329 0.693499555416 0.265692010285
-0.459433040078 0.397478583123 0.212663929116 0.691764354757 0.265711132553
-0.439882697947 0.396938999684 0.213053112073 0.69196590785 0.266992387686
-0.420332355816 0.395787816894 0.213534929538 0.691825035562 0.266392114889
-0.400782013685 0.396799976435 0.213411277249 0.690745302149 0.266548447705
-0.381231671554 0.399121694207 0.214180373039 0.691389728035 0.266451173797
-0.361681329423 0.400472868523 0.21408956113 0.689847896266 0.266494999172
-0.342130987292 0.399442908972 0.215752316018 0.691478906737 0.266219750472
-0.322580645161 0.394912902894 0.215111080711 0.692783132356 0.266341072425
-0.30303030303 0.393945067459 0.215315924137 0.695378374331 0.266949590227
-0.283479960899 0.394067697934 0.216991233907 0.694100018324 0.26682135037
-0.263929618768 0.394731088906 0.216948366188 0.690462213405 0.267058241328
-0.244379276637 0.396164268592 0.218306548187 0.68983709271 0.267489526778
-0.224828934506 0.397353607221 0.218581738074 0.688002142794 0.268005394527
-0.205278592375 0.397705623932 0.219024006589 0.68748605623 0.26812249549
-0.185728250244 0.39717284787 0.219323722457 0.687435838959 0.267953932226
-0.166177908113 0.396554368531 0.220044948032 0.686910522885 0.268605820038
-0.146627565982 0.395472099146 0.22015482779 0.683387474777 0.269145149836
-0.127077223851 0.395514746868 0.220626637108 0.685890450899 0.26968602889
-0.10752688172 0.395127366371 0.221921899271 0.683397699483 0.270409011788
-0.0879765395894 0.394088143824 0.221432752007 0.683961437399 0.270476443427
-0.0684261974585 0.393074878787 0.220334748029 0.682974389502 0.270900419745
-0.0488758553275 0.393020905637 0.220657439087 0.683850182856 0.270665852294
-0.0293255131965 0.393847510114 0.220458652511 0.682962890692 0.270472734501
-0.00977517106549 0.394615113874 0.221332752674 0.68414333031 0.270100561324
0.00977517106549 0.394949617482 0.222666705778 0.685852748969 0.269666377725
0.0293255131965 0.394941387728 0.221926411818 0.687033701184 0.269338123949
0.0488758553275 0.396026894187 0.221860630874 0.687548583791 0.269888049635
0.0684261974585 0.396221320094 0.221809055432 0.686944527187 0.270104249376
0.0879765395894 0.396894257067 0.222008877487 0.691577452808 0.270271977662
0.10752688172 0.396387884067 0.222632849725 0.691979369477 0.270454643211
0.127077223851 0.396017081083 0.222863866865 0.692360695895 0.270861934314
0.146627565982 0.395305228797 0.223554254211 0.694050702301 0.27137741447
0.166177908113 0.395802119044 0.223870540196 0.6947800487 0.270958791399
0.185728250244 0.398469125583 0.223679790907 0.695564926797 0.271070016988
0.205278592375 0.400649368307 0.223821541244 0.694029476764 0.271909735743
0.224828934506 0.399836459844 0.223506378212 0.694138522209 0.270971016775
0.244379276637 0.399733047049 0.223627940745 0.69341184135 0.270623156692
0.263929618768 0.401142111149 0.224572293582 0.693753341602 0.270678026309
0.283479960899 0.401922508738 0.225084226632 0.694436747654 0.271086662592
0.30303030303 0.402632654616 0.226583224235 0.694640455669 0.271125199425
0.322580645161 0.402851379588 0.22737976888 0.69499726433 0.271396296513
0.342130987292 0.404271174987 0.228030389036 0.695004429083 0.271418026081
0.361681329423 0.403583929269 0.228239166404 0.696021122158 0.271334927709
0.381231671554 0.404828241207 0.228970921932 0.699998891256 0.271826114824
0.400782013685 0.403712450809 0.229519308378 0.702118469477 0.272430300664
0.420332355816 0.403893868751 0.230407993156 0.706230810215 0.272387798717
0.439882697947 0.403569290737 0.230802908207 0.71047758785 0.272829912314
0.459433040078 0.404046648122 0.23132800929 0.711814593737 0.272995479229
0.478983382209 0.405200940018 0.231499804965 0.710912904362 0.272984422797
0.49853372434 0.406294184445 0.232533375991 0.711428351823 0.273217081001
0.518084066471 0.406958100058 0.233722514854 0.713570347593 0.273407595533
0.537634408602 0.407711257437 0.235605269138 0.716492370473 0.273336666552
0.557184750733 0.410435349419 0.237864626304 0.720346250055 0.272787226038
0.576735092864 0.412744077723 0.240958001835 0.722251272972 0.273365715308
0.596285434995 0.413281092057 0.242415606629 0.722351986136 0.273689510198
0.615835777126 0.413597744231 0.242861055673 0.723842158432 0.273959921551
0.635386119257 0.414325335798 0.245369520819 0.728329151568 0.27348728714
0.654936461388 0.416099510649 0.247508639498 0.732586734906 0.273118480571
0.674486803519 0.416133141112 0.248415378106 0.735196407251 0.273356970026
0.69403714565 0.417205053477 0.248372214863 0.738054358718 0.273335073581
0.713587487781 0.414995459306 0.25028937609 0.739693132448 0.27277736503
0.733137829912 0.415723006644 0.251517129789 0.741922393154 0.272742406342
0.752688172043 0.416976514129 0.25302870864 0.745017079098 0.273524655861
0.772238514174 0.416839501684 0.253804870676 0.747683288832 0.273179733511
0.791788856305 0.419367643584 0.256106478934 0.748694620926 0.274037003421
0.811339198436 0.419430578113 0.25650273049 0.750172751372 0.274796799981
0.830889540567 0.418029624034 0.257678681895 0.752057615382 0.275989892651
0.850439882698 0.419682407647 0.259340861672 0.755596141747 0.276585296789
0.869990224829 0.419962470519 0.261446718227 0.757272577913 0.277088767991
0.88954056696 0.421291783701 0.261938775844 0.760953497331 0.277236357563
0.909090909091 0.424311026928 0.262676916629 0.765203172263 0.276701357069
0.928641251222 0.423787498325 0.263720436637 0.766072981616 0.276733296003
0.948191593353 0.423767310643 0.265765674549 0.767461404145 0.276949436962
0.967741935484 0.423150234512 0.26943279814 0.769782499836 0.277951570138
0.987292277615 0.424322134944 0.271267634147 0.770519928523 0.277885674004
1.00684261975 0.424171314742 0.27514461852 0.775048739524 0.277170095597
1.02639296188 0.426702401138 0.277359967296 0.777254215495 0.27722324182
1.04594330401 0.429291187395 0.279154779254 0.78169265764 0.278335198326
1.06549364614 0.428791130421 0.283134666114 0.786567933766 0.278193324814
1.08504398827 0.431595961729 0.28540318782 0.794285809093 0.278795223311
1.1045943304 0.434362127742 0.290180682459 0.796666422102 0.279402963716
1.12414467253 0.435863284967 0.293366196422 0.801165134944 0.280500118423
1.14369501466 0.436762289947 0.297048655448 0.80581261025 0.280493341426
1.16324535679 0.441598588043 0.298725755611 0.807216513697 0.28007521031
1.18279569892 0.448842508225 0.300479391453 0.809547545968 0.281153385525
1.20234604106 0.452671177472 0.302950644467 0.819048678077 0.281097900597
1.22189638319 0.457298479736 0.303587637339 0.825850368647 0.281256099812
1.24144672532 0.457195438082 0.305466346794 0.829535703028 0.281720451249
1.26099706745 0.459379525287 0.306492066166 0.835272774655 0.283087639172
1.28054740958 0.462811907225 0.310318728745 0.840431925551 0.28314909062
1.30009775171 0.467983353963 0.31295492774 0.846448319183 0.283194696307
1.31964809384 0.472003086137 0.316126251776 0.855885433839 0.284573659981
1.33919843597 0.47788655729 0.318156441172 0.860570042459 0.286089911833
1.3587487781 0.484128397804 0.320130147819 0.871718840669 0.287599965641
1.37829912023 0.48658321123 0.324118255895 0.881918278859 0.288251599376
1.39784946237 0.489194304038 0.32609070114 0.891119744179 0.288865068168
1.4173998045 0.496053511436 0.333224121685 0.899361847672 0.289314952649
1.43695014663 0.498863206452 0.337652971306 0.910171167139 0.290072465298
1.45650048876 0.506415938819 0.340309765258 0.922926470958 0.291302203344
1.47605083089 0.514760668241 0.344724766359 0.932332411349 0.292714759411
1.49560117302 0.520665307197 0.346522801423 0.944574527397 0.293368237919
1.51515151515 0.528561677464 0.347452015804 0.961027809906 0.292547198537
1.53470185728 0.534834083398 0.351449102559 0.973109404252 0.293444643739
1.55425219941 0.543857629145 0.357730803152 0.990227338347 0.293394407939
1.57380254154 0.555163601979 0.363752674779 1.00063777402 0.292953751504
1.59335288368 0.560067004268 0.367884319865 1.02377398821 0.293685436596
1.61290322581 0.567267691639 0.37403494293 1.03844259809 0.29416548776
1.63245356794 0.578626549899 0.377577173745 1.05579164555 0.294390857167
1.65200391007 0.595101678829 0.380766348805 1.08044723559 0.294968060314
1.6715542522 0.606390190208 0.386226375008 1.09542728962 0.29676271342
1.69110459433 0.615319392129 0.389809831296 1.11401895822 0.297954038404
1.71065493646 0.62995367451 0.392612197636 1.13659978967 0.29937217061
1.73020527859 0.643558842797 0.399062092862 1.15236757589 0.299221596107
1.74975562072 0.659351018413 0.411120234195 1.17625076783 0.300553995484
1.76930596285 0.681907705255 0.420469629601 1.2013526236 0.301029008151
1.78885630499 0.70066389124 0.431097656873 1.22193413937 0.300752648571
1.80840664712 0.721832076386 0.439703095161 1.24930314985 0.302472993637
1.82795698925 0.741690458748 0.449311424454 1.28867293574 0.303570160355
1.84750733138 0.76912583661 0.459471611715 1.32234231115 0.304605107574
1.86705767351 0.798475008151 0.473198548534 1.34922769629 0.305694071348
1.88660801564 0.830199681695 0.488630155497 1.38706679589 0.306210262427
1.90615835777 0.8541251108 0.497554442295 1.42863222889 0.307769394248
1.9257086999 0.885082040589 0.506724847303 1.48866659161 0.307867284816
1.94525904203 0.915354089673 0.529133132033 1.53444358531 0.308687148641
1.96480938416 0.948931349315 0.533319578225 1.58985669726 0.308735924837
1.9843597263 0.982009576813 0.550448697881 1.6476866597 0.308760225712
2.00391006843 1.02887167051 0.569993354941 1.72421961672 0.309946775892
2.02346041056 1.07110757028 0.587182646056 1.78779040667 0.310565126232
2.04301075269 1.11335010637 0.618460170993 1.87506371539 0.309930758262
2.06256109482 1.16031924805 0.64157940733 1.95961913646 0.308772832304
2.08211143695 1.22222931856 0.676200351125 2.07369937886 0.308012848755
2.10166177908 1.28063634131 0.697893084657 2.22365380301 0.30805854256
2.12121212121 1.32923341895 0.726311566119 2.34819893432 0.307870950622
2.14076246334 1.40331788006 0.76526234391 2.47263485424 0.307871242389
2.16031280547 1.4852130421 0.798924538271 2.60070124381 0.308978513404
2.17986314761 1.58259989894 0.81737736648 2.74829667549 0.308128108105
2.19941348974 1.67133006261 0.853860920775 2.88130916941 0.309672082627
2.21896383187 1.75518513415 0.922397785734 3.06862701198 0.311059835725
2.238514174 1.8635874326 0.958118600349 3.24959097309 0.311138020484
2.25806451613 1.92207966649 0.994942444431 3.39455477232 0.310624651438
2.27761485826 1.999716689 1.03130979014 3.63647846214 0.311528685792
2.29716520039 2.06986060299 1.05448669106 3.75229315281 0.312869518596
2.31671554252 2.12320894123 1.07263422786 3.83803564934 0.314539145665
2.33626588465 2.15966300628 1.08154003754 3.83570718694 0.315781430349
2.35581622678 2.1976054778 1.0738087787 3.86432426147 0.314868543465
2.37536656891 2.17398431357 1.0849166277 3.81686960569 0.316385568821
2.39491691105 2.17281456382 1.07132644622 3.83569014349 0.315717918736
2.41446725318 2.18230109858 1.07349769448 3.79506758597 0.314191942287
2.43401759531 2.16994723079 1.06598140947 3.75778590259 0.313365329336
2.45356793744 2.16340715992 1.07490131368 3.6939875044 0.314143545837
2.47311827957 2.13760297267 1.03846169323 3.67866484125 0.314220770687
2.4926686217 2.07998682042 1.02498593772 3.6649849049 0.316919673645
2.51221896383 2.03065239792 1.01079837347 3.57628419674 0.318021172806
2.53176930596 1.98807893319 0.972487956073 3.50732821183 0.319404207924
2.55131964809 1.97777271019 0.945916428529 3.46965593663 0.319322281086
2.57086999022 1.95064919864 0.945115873824 3.39919705927 0.321850836074
2.59042033236 1.92760202073 0.927550069663 3.30513262528 0.322523260746
2.60997067449 1.88277612539 0.929577382875 3.29247383407 0.321691218249
2.62952101662 1.83504025112 0.918245145771 3.22307833497 0.321416762051
2.64907135875 1.78410297695 0.902109507282 3.19617176347 0.323106840557
2.66862170088 1.72773513618 0.904459143262 3.12938194987 0.324418041918
2.68817204301 1.7274938914 0.908767944038 3.06165841962 0.326580133268
2.70772238514 1.6982485401 0.912052717152 2.9978244417 0.328381918494
2.72727272727 1.69623101493 0.918692829247 2.919048434 0.330176742838
2.7468230694 1.69661918965 0.908372900517 2.89936562418 0.331614310327
2.76637341153 1.68027405578 0.890434904102 2.86057734809 0.33345629142
2.78592375367 1.64480598651 0.864283746091 2.85897151662 0.334133796001
2.8054740958 1.63443774582 0.849845921569 2.85170777934 0.335862930735
2.82502443793 1.62794434986 0.854650412388 2.81903936532 0.337769887063
2.84457478006 1.60837970835 0.858293444015 2.77989701508 0.338483079845
2.86412512219 1.62727527446 0.866301871331 2.76013125473 0.341042511408
2.88367546432 1.6328055212 0.852592647827 2.75349818007 0.342828389574
2.90322580645 1.62340956438 0.841590844621 2.81990255489 0.345804673951
2.92277614858 1.61888508825 0.849437565991 2.81088978271 0.346284083917
2.94232649071 1.64196487281 0.854936491779 2.85810169715 0.346847634563
2.96187683284 1.65988651168 0.873859164488 2.86372762266 0.347552203402
2.98142717498 1.66317115316 0.871306010146 2.92084548388 0.347435391905
3.00097751711 1.68601903939 0.862414640437 2.90816703655 0.350039237007
3.02052785924 1.70366808155 0.875429009761 2.91186166517 0.352787460183
3.04007820137 1.70545907592 0.885197498375 2.93172215879 0.355120672799
3.0596285435 1.73922775528 0.880472848442 2.93023758684 0.356344129252
3.07917888563 1.7487703953 0.902106970497 2.97426505678 0.357343905558
3.09872922776 1.75971513158 0.912834437565 3.01964832024 0.359759910144
3.11827956989 1.76324429394 0.908715726204 3.04466491882 0.362188115471
3.13782991202 1.77051477199 0.908837102475 3.04171134813 0.36361769951
3.15738025415 1.80330154609 0.909333756718 3.01150893076 0.363927396999
3.17693059629 1.81349743759 0.922329815836 2.98890054512 0.365460891308
3.19648093842 1.81056634481 0.920899796983 2.97463817992 0.369078945962
3.21603128055 1.8046429505 0.928579399781 2.9759902622 0.369994226568
3.23558162268 1.78385325244 0.93798462005 2.96086546461 0.370906018591
3.25513196481 1.76881738954 0.937317154005 2.91768279397 0.373913812364
3.27468230694 1.73538338315 0.928023272863 2.90678791601 0.375493298149
3.29423264907 1.70796274249 0.906607135646 2.83246917039 0.378414858171
3.3137829912 1.6732993401 0.887817273853 2.73677245405 0.37966479688
3.33333333333 1.66499690317 0.890583357955 2.67930163105 0.380177090199
3.35288367546 1.62296697468 0.884985246374 2.59098933883 0.381138620534
3.3724340176 1.5928042856 0.852381995939 2.49958838434 0.381940667436
3.39198435973 1.54530658206 0.813588941656 2.41038524722 0.382561414165
3.41153470186 1.47064703893 0.790739639822 2.35925283837 0.383024561637
3.43108504399 1.38786668718 0.758310793856 2.29069800901 0.38402675414
3.45063538612 1.33702104306 0.730468134097 2.20206290734 0.385415749232
3.47018572825 1.279312365 0.71581499274 2.1224938388 0.386344193359
3.48973607038 1.22735598262 0.701332969024 2.04884478741 0.386570997698
3.50928641251 1.16429294184 0.680769957949 1.96788617166 0.385963195238
3.52883675464 1.11048416889 0.657011090527 1.86368613448 0.386230487368
3.54838709677 1.06706522975 0.628056439395 1.78791436276 0.385594796491
3.56793743891 1.0301080472 0.604322703861 1.69758545539 0.386797884908
3.58748778104 0.989633241804 0.58194036919 1.60957206307 0.389462224977
3.60703812317 0.948312261318 0.557701886891 1.53867609897 0.390347085687
3.6265884653 0.92172343724 0.534154024229 1.47530289594 0.392230671783
3.64613880743 0.889512251945 0.525035372944 1.41009144544 0.389824360087
3.66568914956 0.861363430495 0.510841042603 1.34344865563 0.391464583207
3.68523949169 0.830323933958 0.499924874937 1.28302154262 0.392415595559
3.70478983382 0.800767411354 0.479324416292 1.23747568543 0.392584418917
3.72434017595 0.780232794907 0.459185247948 1.19159643335 0.395062559768
3.74389051808 0.755142874562 0.443406698569 1.14276034269 0.395642488198
3.76344086022 0.730903222326 0.437933410814 1.10719308554 0.394994962642
3.78299120235 0.711541997151 0.428649275221 1.07920974606 0.395197992668
3.80254154448 0.690898616188 0.411205034043 1.05150121546 0.393695958569
3.82209188661 0.672402785888 0.402605336002 1.0215188659 0.395951609256
3.84164222874 0.650560467112 0.394656898512 0.988872328964 0.395244291407
3.86119257087 0.634728190423 0.387783735317 0.966895981632 0.394424149835
3.880742913 0.616167625529 0.38256571818 0.944713585421 0.390715967702
3.90029325513 0.600987770521 0.374689947436 0.919320439562 0.390845952453
3.91984359726 0.591743525073 0.361370198208 0.902383115935 0.390240058117
3.93939393939 0.579687644196 0.358265737494 0.888405211975 0.389630928833
3.95894428152 0.571824896134 0.350260658762 0.866934743983 0.390138059664
3.97849462366 0.559817088368 0.343208874822 0.849889103372 0.389980007506
3.99804496579 0.551649928069 0.338332932745 0.847941100857 0.390106447279
4.01759530792 0.540285377572 0.33191085076 0.839689342956 0.390488037729
4.03714565005 0.530232126651 0.327180868356 0.826559095173 0.389068059507
4.05669599218 0.521648868501 0.326157849662 0.813677573112 0.390591088655
4.07624633431 0.514740568702 0.322230584581 0.796025681625 0.389492682095
4.09579667644 0.504947030147 0.317916697928 0.783606442475 0.389597393252
4.11534701857 0.500155327804 0.313931542589 0.773661518481 0.389301658317
4.1348973607 0.496342621776 0.310935314114 0.759165365447 0.389157528695
4.15444770283 0.486803647445 0.309806870267 0.748832797754 0.38882265151
4.17399804497 0.483918365598 0.305689399663 0.735832788668 0.388549700995
4.1935483871 0.477607730389 0.306691699445 0.717980794475 0.390807960976
4.21309872923 0.477732485213 0.305909101963 0.704733152223 0.38967838299
4.23264907136 0.47040859845 0.297882104385 0.694545142863 0.388041322218
4.25219941349 0.46716975877 0.294748984434 0.68264019528 0.387073992233
4.27174975562 0.461296524225 0.295146285278 0.669245212326 0.386730860168
4.29130009775 0.458143348108 0.295118594704 0.663833056673 0.386004008188
4.31085043988 0.454753941057 0.289143004593 0.658905647811 0.386636028004
4.33040078201 0.449915651464 0.287009834838 0.651340211889 0.385870440609
4.34995112414 0.442602227354 0.289355152823 0.645816234332 0.385553916152
4.36950146628 0.439903295404 0.287568927693 0.641615617611 0.384826481711
4.38905180841 0.43402455696 0.283668576898 0.632015560782 0.385002011009
4.40860215054 0.430755082602 0.282132374836 0.631775447979 0.382387778508
4.42815249267 0.422950413092 0.283016499314 0.628068683869 0.382486953955
4.4477028348 0.417515877393 0.279963464958 0.619070694742 0.381005604703
4.46725317693 0.415468973742 0.276862651205 0.608874486136 0.381457592303
4.48680351906 0.413683190204 0.275141559455 0.602456212011 0.381505057897
4.50635386119 0.410376623253 0.271020972559 0.597588227208 0.380039986832
4.52590420332 0.405009156442 0.266108231583 0.600319323901 0.379461854883
4.54545454545 0.402028020417 0.257695250013 0.596536761647 0.3780256582
4.56500488759 0.398629487803 0.256969918079 0.589636693918 0.377030852619
4.58455522972 0.392437468213 0.255971150406 0.583786571812 0.377539629901
4.60410557185 0.393222018287 0.257099084695 0.580735911518 0.377877453564
4.62365591398 0.389367017109 0.253860345324 0.579378304423 0.375199806493
4.64320625611 0.384662558926 0.256237469418 0.574608410645 0.374460750301
4.66275659824 0.385234569904 0.249512733389 0.566500186877 0.374985538498
4.68230694037 0.381976049026 0.252256507528 0.564539906171 0.374951167354
4.7018572825 0.377716908609 0.251084512369 0.570648023596 0.375363279833
4.72140762463 0.383339921815 0.247131245387 0.577220035469 0.373831039772
4.74095796676 0.382135969885 0.242983663582 0.5766393427 0.374128322928
4.7605083089 0.380797856074 0.243598553076 0.570401891145 0.375590266111
4.78005865103 0.382965853901 0.242716666313 0.575645910748 0.373778131547
4.79960899316 0.382406676392 0.243030292181 0.570143621278 0.375855482684
4.81915933529 0.37691405074 0.245268197796 0.566834788002 0.376399372779
4.83870967742 0.374095165542 0.239282215725 0.572402911998 0.378305981447
4.85826001955 0.37043295821 0.232944733541 0.561745651944 0.379799619161
4.87781036168 0.372257354853 0.231251927898 0.565216696038 0.381912686103
4.89736070381 0.366661022085 0.226717124142 0.558951464888 0.384090599217
4.91691104594 0.362147069073 0.228661108972 0.554251339801 0.386806986729
4.93646138807 0.355785729438 0.228406318961 0.557335153827 0.389969933864
4.95601173021 0.353113692306 0.22955073943 0.546484300862 0.390798708796
4.97556207234 0.351057020213 0.226025640731 0.544031918764 0.391807814411
4.99511241447 0.347700840459 0.227861705192 0.53626738442 0.396857946195
5.0146627566 0.347050013203 0.225161237482 0.53782689848 0.39682106229
5.03421309873 0.349153382609 0.221325068805 0.531095876444 0.398323563833
5.05376344086 0.34901285879 0.21999982493 0.531421830633 0.402321100672
5.07331378299 0.348950666878 0.220019800685 0.527960948114 0.402881952796
5.09286412512 0.347582729067 0.219390768952 0.528433106279 0.404535258356
5.11241446725 0.346547414434 0.218611348471 0.528947824608 0.406114135115
5.13196480938 0.349693478632 0.218799925459 0.52109389977 0.405922718885
5.15151515152 0.350381265021 0.219972650939 0.52039147961 0.407327697119
5.17106549365 0.34656909877 0.218000057623 0.520145315301 0.409286206607
5.19061583578 0.343837259476 0.216098712703 0.516880155059 0.409910144347
5.21016617791 0.341547106288 0.217734921802 0.512311365998 0.41143942308
5.22971652004 0.338434366498 0.214320969813 0.508003231845 0.415172880395
5.24926686217 0.339954158767 0.211935900821 0.510284835614 0.414966064258
5.2688172043 0.341396122918 0.207984443549 0.51282113938 0.41727603903
5.28836754643 0.338278963861 0.206264385637 0.515040683709 0.419075336538
5.30791788856 0.334100769479 0.203205284458 0.520843767346 0.419990593842
5.32746823069 0.336734176726 0.202475980096 0.520576475062 0.420596654731
5.34701857283 0.336478472081 0.201718887495 0.518902157795 0.421507444848
5.36656891496 0.335596495043 0.2014476672 0.518745794992 0.421327930341
5.38611925709 0.336661391397 0.200201339515 0.519126674477 0.419427029009
5.40566959922 0.335624614032 0.201328825146 0.517956014051 0.420358108628
5.42521994135 0.33577731207 0.205821531351 0.514818391099 0.4205250879
5.44477028348 0.331809227075 0.206744656286 0.511372533112 0.418168731208
5.46432062561 0.330865362793 0.206238300649 0.506368460606 0.416341284113
5.48387096774 0.326301942102 0.205363298177 0.505663635695 0.415734031705
5.50342130987 0.326050033541 0.203944860879 0.503243460391 0.41252384015
5.522971652 0.324246324607 0.202371715397 0.499854580838 0.412591199901
5.54252199413 0.325534615906 0.204618897009 0.498556310596 0.412866929842
5.56207233627 0.326070228376 0.203524851441 0.496386095006 0.411006639052
5.5816226784 0.324843634333 0.203214875024 0.502162719385 0.40935940047
5.60117302053 0.322899463231 0.204213123284 0.498611902563 0.409804287342
5.62072336266 0.321679354396 0.204892440818 0.49548066554 0.413525002021
5.64027370479 0.323790061606 0.206603790615 0.490910687709 0.412091379069
5.65982404692 0.326968554119 0.205450088985 0.496788602433 0.408765994373
5.67937438905 0.327280546027 0.202148831057 0.492950265338 0.403785776047
5.69892473118 0.324313889201 0.203877506861 0.492125126739 0.400244186763
5.71847507331 0.325044304639 0.204870506628 0.489556092037 0.39762632606
5.73802541544 0.32481571863 0.204732398613 0.486615898594 0.397403999763
5.75757575758 0.32360018317 0.203098665677 0.487881048867 0.397052196781
5.77712609971 0.326111666281 0.19937561498 0.485495265926 0.394448103307
5.79667644184 0.322410674726 0.199646778811 0.479577748725 0.3915092653
5.81622678397 0.321934834764 0.202590911541 0.480558891214 0.390519268664
5.8357771261 0.323555794079 0.200107350804 0.483555138689 0.387399243436
5.85532746823 0.320308342786 0.197702151319 0.481301576634 0.38350804182
5.87487781036 0.317921462224 0.196152008944 0.480775512467 0.383188000605
5.89442815249 0.318325969523 0.197026641013 0.485856405395 0.379846862098
5.91397849462 0.319705637807 0.197710300282 0.484767920257 0.379871037271
5.93352883675 0.316223722131 0.198651201 0.48350614452 0.379135748465
5.95307917889 0.317681262899 0.20077086873 0.481196941032 0.378534232171
5.97262952102 0.322077525784 0.1999237621 0.479177783525 0.380148840484
5.99217986315 0.321697238778 0.20011388033 0.48026119713 0.382628056231
6.01173020528 0.322694895177 0.201550842052 0.476513653097 0.385656044168
6.03128054741 0.32190513631 0.205073809144 0.470989237012 0.383868572021
6.05083088954 0.32518589741 0.20637471596 0.476228562924 0.384629294549
6.07038123167 0.324516217432 0.205717113706 0.472738973142 0.384678549099
6.0899315738 0.323785083811 0.203371199887 0.473011282356 0.383807711473
6.10948191593 0.321148219841 0.204299013484 0.473679404655 0.38418501821
6.12903225806 0.319053480824 0.204560262588 0.483389982682 0.384030688972
6.1485826002 0.317081534144 0.202963095154 0.476056847735 0.386765749356
6.16813294233 0.315307120509 0.202109248407 0.475503887387 0.386578164981
6.18768328446 0.315015739008 0.203061283824 0.473641392642 0.38671837043
6.20723362659 0.317549398245 0.202324818462 0.475166530995 0.387946801084
6.22678396872 0.318869174909 0.200757012625 0.478500926104 0.388716806582
6.24633431085 0.321049742568 0.202777094805 0.475180028885 0.390344704487
6.26588465298 0.321598897003 0.205198579901 0.478593956535 0.39089763662
6.28543499511 0.319171343092 0.209078302056 0.481765123094 0.390150641398
6.30498533724 0.321769684734 0.206488824429 0.485759541342 0.391644855597
6.32453567937 0.326246799066 0.20581422848 0.48489856353 0.391833462084
6.34408602151 0.330041603233 0.20772647587 0.494162962574 0.392460289506
6.36363636364 0.332724762404 0.210425672172 0.495116752003 0.392219061564
6.38318670577 0.336532988955 0.210558719252 0.500978530802 0.394180625853
6.4027370479 0.340795682551 0.213359060362 0.50523881374 0.396796574126
6.42228739003 0.34536407569 0.213567280677 0.509091366697 0.398103716929
6.44183773216 0.348800034475 0.216593624548 0.51254028875 0.399340594327
6.46138807429 0.354100026179 0.221993437892 0.515703630539 0.399328220734
6.48093841642 0.357431413372 0.224566081465 0.517262662027 0.401983170991
6.50048875855 0.361289398891 0.228528640709 0.523465923303 0.402997904805
6.52003910068 0.364887568222 0.235242107787 0.536252907866 0.405139489919
6.53958944282 0.367885965771 0.236332046242 0.550789768392 0.406255471584
6.55913978495 0.371502288301 0.242311065929 0.564100269875 0.407540077756
6.57869012708 0.377659216599 0.244166346652 0.570104244074 0.407796135666
6.59824046921 0.383196727325 0.250993422783 0.583358655976 0.409369949905
6.61779081134 0.388749170171 0.256079847774 0.604583047353 0.411763285744
6.63734115347 0.399228160239 0.259484670695 0.627639287217 0.409363954144
6.6568914956 0.415773336734 0.261847311828 0.651964462021 0.408962639108
6.67644183773 0.433248718918 0.267521714453 0.670312149499 0.412098963086
6.69599217986 0.449518471127 0.273069347965 0.702975871216 0.412643376706
6.71554252199 0.453012664177 0.274401226906 0.715301571339 0.413896456601
6.73509286413 0.468265155883 0.283894993455 0.743242100364 0.41716376012
6.75464320626 0.483854778776 0.290873683224 0.75223562501 0.416493062282
6.77419354839 0.494960979658 0.304323844882 0.77135127114 0.419919890573
6.79374389052 0.500603854813 0.311294275179 0.797861624663 0.423485982282
6.81329423265 0.505127019425 0.315347802473 0.792545582153 0.422116519402
6.83284457478 0.498860196506 0.320171487516 0.79273465203 0.4234978339
6.85239491691 0.488708569122 0.316633284736 0.782941364419 0.424485920111
6.87194525904 0.484221915497 0.316714447962 0.771879474909 0.422803452483
6.89149560117 0.476516354067 0.309278290653 0.744020794578 0.423625998836
6.9110459433 0.465513169931 0.296049982701 0.71656284003 0.422996523509
6.93059628543 0.450885477387 0.290184042851 0.684665778518 0.426808899149
6.95014662757 0.439659814636 0.288123092174 0.662706984112 0.425656942161
6.9696969697 0.427362069307 0.280979849758 0.646385444868 0.425358655113
6.98924731183 0.419159765983 0.269511212468 0.626480703582 0.425048095234
7.00879765396 0.410993396581 0.26354390688 0.607530959809 0.425862194527
7.02834799609 0.403293906478 0.259006758565 0.587682439285 0.426280258715
7.04789833822 0.396637930983 0.258290456198 0.566504511562 0.429127746155
7.06744868035 0.390725296143 0.249634443676 0.552456929829 0.429992629645
7.08699902248 0.384791427491 0.244586147282 0.540411098167 0.430411838224
7.10654936461 0.382286833739 0.240870422896 0.537147593995 0.430935657099
7.12609970674 0.381768565882 0.238333880158 0.528644812083 0.433599721203
7.14565004888 0.374170192088 0.235597877792 0.527666159881 0.430050782264
7.16520039101 0.365540488949 0.236050330428 0.522615317176 0.430207883232
7.18475073314 0.360220395539 0.235254705108 0.522856126118 0.431153883401
7.20430107527 0.359825153481 0.235896179093 0.515037335299 0.429809894006
7.2238514174 0.357916858411 0.235580751307 0.515628235981 0.428698394705
7.24340175953 0.358243002444 0.231683400147 0.508530859594 0.428358032802
7.26295210166 0.353454571255 0.23303740711 0.509110979072 0.427580701355
7.28250244379 0.352290411006 0.235979705685 0.507345393444 0.424303223652
7.30205278592 0.349442274559 0.234807145983 0.500195666188 0.423261958697
7.32160312805 0.348499139138 0.232781356223 0.501357455731 0.419384412719
7.34115347019 0.347083452593 0.230216110157 0.502614566089 0.419184344292
7.36070381232 0.348213283785 0.231885482611 0.504660112189 0.421310951193
7.38025415445 0.347783931254 0.227936109484 0.503210733895 0.419578732943
7.39980449658 0.347668919493 0.22848581654 0.503345211514 0.420520409009
7.41935483871 0.346092426537 0.227656979484 0.512691228163 0.418873718335
7.43890518084 0.346347379883 0.227819828538 0.518411455459 0.416728073374
7.45845552297 0.34631900702 0.226671905764 0.517529011434 0.417601702546
7.4780058651 0.35022909599 0.22917970194 0.518143790965 0.418399744753
7.49755620723 0.348709182824 0.228077254881 0.524714793377 0.417724354283
7.51710654936 0.35065121889 0.227412086508 0.523292535309 0.416280182256
7.5366568915 0.352485710855 0.227238750572 0.528401797801 0.412634224103
7.55620723363 0.352954737856 0.225430739946 0.530094752128 0.409864179575
7.57575757576 0.356143209401 0.225565072941 0.536805367521 0.405476366791
7.59530791789 0.35857213222 0.229242533691 0.547970403641 0.4037361145
7.61485826002 0.359958696413 0.231830635185 0.56135950078 0.403398649021
7.63440860215 0.363115078383 0.232746223752 0.563219927596 0.400901743393
7.65395894428 0.366703742026 0.232992366045 0.571375999386 0.397607033355
7.67350928641 0.369404782304 0.236725942172 0.572316754677 0.395627286202
7.69305962854 0.372235548181 0.237212112465 0.579008673256 0.395766276315
7.71260997067 0.375781027991 0.240429675428 0.586861136002 0.394723808824
7.73216031281 0.379055729579 0.243820631335 0.585489264162 0.394325012631
7.75171065494 0.380360050995 0.246623162122 0.585831281199 0.392791989739
7.77126099707 0.387044800628 0.250854206079 0.587633129234 0.390273720027
7.7908113392 0.390625002969 0.251555836542 0.593206468782 0.389622412957
7.81036168133 0.39530706584 0.253488800693 0.598705437703 0.388977826987
7.82991202346 0.399246083601 0.257179250025 0.598224058515 0.389963337338
7.84946236559 0.405373279666 0.261243615584 0.602367054975 0.389342314343
7.86901270772 0.410534534709 0.263251061319 0.610559405495 0.386869668218
7.88856304985 0.415891411308 0.265138883212 0.612349761606 0.384713978529
7.90811339198 0.418684487813 0.265053969565 0.625063849185 0.382616856602
7.92766373412 0.422289835778 0.266786129598 0.636535626042 0.380450092999
7.94721407625 0.425035444073 0.269025446909 0.63903552213 0.381211360491
7.96676441838 0.428945225476 0.276225834621 0.647810402407 0.380341841793
7.98631476051 0.432506434541 0.279711543748 0.654536035773 0.37748963042
8.00586510264 0.435205389992 0.282681328875 0.664953622628 0.375765360712
8.02541544477 0.440282667912 0.283264139765 0.669148990756 0.372951103326
8.0449657869 0.445205308452 0.288974473217 0.67044055466 0.368420064114
8.06451612903 0.450403351342 0.286557459478 0.684096602552 0.366107072042
8.08406647116 0.454882747412 0.292401445503 0.693281855468 0.365865550023
8.10361681329 0.458757675892 0.295539032468 0.691184032246 0.364564099231
8.12316715543 0.46467668823 0.292577295655 0.707294592734 0.363462155263
8.14271749756 0.46704865542 0.288319919689 0.70664931176 0.360156098892
8.16226783969 0.470014139183 0.290237394092 0.715402387746 0.357413872173
8.18181818182 0.471974401806 0.293740852478 0.71548641216 0.356166378771
8.20136852395 0.470848567834 0.293322859855 0.723058358867 0.356282379291
8.22091886608 0.471210054156 0.294982572315 0.721592344751 0.354552465674
8.24046920821 0.472639312945 0.293668024808 0.730640147116 0.354621143896
8.26001955034 0.473351324383 0.293939225661 0.742023500215 0.352187783467
8.27956989247 0.467712444472 0.292098381304 0.735454396171 0.351632230393
8.2991202346 0.472862354692 0.290495710243 0.738350375833 0.351626482422
8.31867057674 0.477477066423 0.290603678663 0.737764074457 0.349081467474
8.33822091887 0.484943675235 0.293390711217 0.743005008341 0.347405623103
8.357771261 0.478688474044 0.289561171279 0.753335161315 0.348010495767
8.37732160313 0.481432535254 0.283844226301 0.758035633417 0.346835171781
8.39687194526 0.484779016943 0.280075793853 0.752398355477 0.345225009309
8.41642228739 0.484710514705 0.279484583478 0.75322451145 0.343694819218
8.43597262952 0.475555084138 0.278634022048 0.76304080201 0.341348581845
8.45552297165 0.472047617831 0.281865115238 0.763815143894 0.33896622559
8.47507331378 0.466551581414 0.278935518362 0.76444020673 0.336071271177
8.49462365591 0.461175227585 0.276528930216 0.751382067941 0.333375379067
8.51417399804 0.460822962099 0.273064683318 0.748307168513 0.331911601106
8.53372434018 0.45620231781 0.27529904599 0.748963242992 0.332421371879
8.55327468231 0.450732179839 0.275405928169 0.742736832359 0.332324333554
8.57282502444 0.448606341069 0.272490172624 0.743317739889 0.330140856241
8.59237536657 0.450296175716 0.268783050953 0.728574499357 0.327947756641
8.6119257087 0.442115451203 0.271317236617 0.717529737045 0.326948306495
8.63147605083 0.440441337321 0.274590999298 0.719293182534 0.326620258422
8.65102639296 0.437381991023 0.27341336685 0.718861018497 0.325621132996
8.67057673509 0.434269072016 0.272942603244 0.718791502088 0.326140073452
8.69012707722 0.430525137617 0.271888637119 0.714483312059 0.325237011217
8.70967741935 0.431208473473 0.272793021187 0.714782965427 0.32505751375
8.72922776149 0.427884978954 0.267378155114 0.720093174171 0.323808327838
8.74877810362 0.425088250226 0.263760627215 0.716899297577 0.322965496715
8.76832844575 0.421559882966 0.264096732443 0.711687016445 0.320371690272
8.78787878788 0.421022131725 0.267133644516 0.712022561919 0.319314349138
8.80742913001 0.419252420754 0.268126444493 0.709751534168 0.319128465155
8.82697947214 0.418942827528 0.271703887488 0.708078821894 0.319683779589
8.84652981427 0.418711928774 0.271143057998 0.71422959486 0.316348432066
8.8660801564 0.423962361121 0.271769041893 0.714641606606 0.315243492199
8.88563049853 0.429983039517 0.269149924789 0.718065584154 0.317148289879
8.90518084066 0.433528257185 0.270516124341 0.711819716734 0.317024919492
8.9247311828 0.435007223255 0.269744573559 0.723236652813 0.31851058706
8.94428152493 0.440362774254 0.271730270087 0.722185761127 0.318560380817
8.96383186706 0.445064486845 0.270440068756 0.720128700196 0.316427952973
8.98338220919 0.444552063259 0.273560301005 0.719093873112 0.314564903035
9.00293255132 0.449263664068 0.277467221514 0.715739161994 0.313091926199
9.02248289345 0.449954161576 0.279518869508 0.716102510232 0.311944166951
9.04203323558 0.45283135659 0.281269466154 0.727902205268 0.313399891127
9.06158357771 0.455839134688 0.281191395736 0.734013775163 0.310743500705
9.08113391984 0.455519342189 0.275967037146 0.730062257688 0.309198712348
9.10068426197 0.463086922244 0.277095010135 0.732654781409 0.30892336595
9.12023460411 0.464302542952 0.268484000057 0.725585297843 0.307082819056
9.13978494624 0.460885809406 0.269713038651 0.731851986567 0.305343707986
9.15933528837 0.454780453534 0.269247396053 0.719037562146 0.304947262091
9.1788856305 0.457517610849 0.272041756735 0.730986402308 0.302538886931
9.19843597263 0.453552379053 0.272947137712 0.724045657553 0.303811842158
9.21798631476 0.453036450251 0.2716328104 0.712297444515 0.303513895627
9.23753665689 0.446242119234 0.267746118412 0.70844472832 0.301402245964
9.25708699902 0.437980703292 0.262237288222 0.70916714147 0.300161736648
9.27663734115 0.435118050822 0.257874620331 0.701111885307 0.300955771815
9.29618768328 0.433170320889 0.256545603898 0.687685917586 0.301573865092
9.31573802542 0.429398761095 0.250281372871 0.687678719663 0.300653917755
9.33528836755 0.429006413662 0.251061359142 0.679852102723 0.299665677096
9.35483870968 0.429216066015 0.246850707954 0.679360152669 0.297555971024
9.37438905181 0.427257902731 0.244985454724 0.678916559624 0.296524440182
9.39393939394 0.423000489606 0.245522435475 0.674810442596 0.297489221182
9.41348973607 0.41967934199 0.245688804174 0.673328881556 0.297137174165
9.4330400782 0.417310276806 0.245875754865 0.665644695889 0.298023929342
9.45259042033 0.411300182117 0.243554621633 0.662473311306 0.296814871598
9.47214076246 0.4110092329 0.242602624014 0.656585694289 0.297019712753
9.49169110459 0.412037187851 0.24136170076 0.662399467532 0.296813670845
9.51124144673 0.411279820634 0.239059179241 0.657930230036 0.296434717564
9.53079178886 0.410879854128 0.238808173889 0.655887210742 0.29849205304
9.55034213099 0.410913222136 0.236962051207 0.660694323119 0.29947993933
9.56989247312 0.408639699175 0.238524831222 0.660774723888 0.299420078218
9.58944281525 0.413521644931 0.234835834841 0.666358416656 0.300009802963
9.60899315738 0.406915192471 0.234527110039 0.662640834335 0.303824237575
9.62854349951 0.400747308734 0.233193651139 0.658975475078 0.306501498763
9.64809384164 0.396988862274 0.231377700542 0.652650443307 0.307278833786
9.66764418377 0.393187826648 0.22765499438 0.64722445407 0.307792028315
9.6871945259 0.388751052773 0.226340702349 0.644826261056 0.307311282407
9.70674486804 0.381987424617 0.225550548988 0.641459261355 0.309125075189
9.72629521017 0.382755604279 0.22794369329 0.641574564292 0.308757916962
9.7458455523 0.385356898746 0.227755348338 0.635990542518 0.307986696924
9.76539589443 0.379866250286 0.22593397749 0.632584579976 0.307476965695
9.78494623656 0.379115471273 0.222627761691 0.632636694142 0.30876003859
9.80449657869 0.376628272607 0.221511429345 0.62705732055 0.309285382771
9.82404692082 0.373885366055 0.217861216531 0.632073241704 0.311045276334
9.84359726295 0.368324286989 0.217744614993 0.625916219141 0.314167840577
9.86314760508 0.365928204043 0.217061777506 0.629221008187 0.314668310969
9.88269794721 0.36046392275 0.214822290885 0.626154973523 0.314811354304
9.90224828935 0.356942619507 0.214480692631 0.621431115411 0.31606219729
9.92179863148 0.354911266427 0.212737522756 0.617835037167 0.314825325955
9.94134897361 0.357863232068 0.211467990937 0.608385709951 0.316230202905
9.96089931574 0.354227803371 0.214331768132 0.594626936301 0.318536632832
9.98044965787 0.352706947398 0.21605329561 0.58884799073 0.319635582125
10.0 0.352688248571 0.216973499396 0.583858432372 0.322294843353
