Frequency H/V Low_err Upp_err Coherence
-10.0 0.38064284399089193 0.23624726274487395 0.5788397345562507 0.2966115019538946
-9.980449657869013 0.3815530300771407 0.23671319183065603 0.5785167771999479 0.296441150661023
-9.960899315738025 0.38189943043422797 0.23765270228642757 0.5795339834604981 0.2949442673624562
-9.941348973607038 0.38185016556926 0.23734463985764742 0.5796310918210681 0.29518985652132934
-9.921798631476051 0.38227515018625824 0.2373457517144123 0.5793563039579622 0.29487900277855855
-9.902248289345064 0.38302081834200485 0.2375070781710659 0.5790536595251882 0.29436575099490825
-9.882697947214076 0.38275311032599374 0.2378421664486053 0.5793279262441895 0.2947735692420176
-9.863147605083089 0.38279543705010055 0.23762398844499932 0.5790046112579597 0.29466342128575085
-9.843597262952102 0.38300186879510034 0.23778638588049447 0.5796502620353997 0.29576902345994965
-9.824046920821115 0.3826242807862653 0.23744031035640534 0.5798498799730294 0.2957637646281964
-9.804496578690127 0.38379697995703005 0.23766536602275753 0.5798972872183648 0.29604336843933526
-9.78494623655914 0.38381050215719614 0.23755696798446455 0.5804467190757345 0.29686106360558867
-9.765395894428153 0.38425954629734416 0.2380377577930427 0.5805326628615223 0.29706866286403955
-9.745845552297165 0.3838767067917935 0.2380269357264441 0.5801767797499249 0.2979858449986073
-9.726295210166178 0.3843667506948246 0.23776688744619973 0.5800261666675993 0.29915736487242534
-9.70674486803519 0.3842305730455466 0.23781115821886817 0.5798720336393064 0.30027582346243686
-9.687194525904204 0.3842009722820261 0.2379369956184787 0.5794083925519756 0.301076090489349
-9.667644183773216 0.383927625031157 0.23806451832068926 0.580579017419196 0.3022214177357611
-9.648093841642229 0.38428209457284773 0.23865172736274273 0.5814088404266503 0.3030391161204578
-9.628543499511242 0.3843928667189834 0.23922625648426413 0.5809906490806895 0.30438794959494875
-9.608993157380255 0.38459886524940123 0.23938557759399498 0.5818798977883011 0.30557713775932405
-9.589442815249267 0.3850375769554528 0.23944729101352802 0.5835776168891225 0.3077645743485687
-9.56989247311828 0.38526893246873284 0.2397166072717084 0.5838653331767054 0.31018035347189
-9.550342130987293 0.385606169909712 0.23942872081718133 0.5835527222274025 0.31278835838127717
-9.530791788856305 0.3863709309902405 0.23961677006851545 0.5836281150151716 0.3143643080270427
-9.511241446725318 0.3864994627824174 0.23963531187839307 0.5834306073989343 0.31553651545225864
-9.49169110459433 0.3868766425520672 0.2402208412277202 0.5845290441591241 0.3169357231887042
-9.472140762463344 0.386237516705592 0.240667281001421 0.5851605773234027 0.3188426596798907
-9.452590420332356 0.3857781870984106 0.24152743165529206 0.5840842630904486 0.32041904624846584
-9.433040078201369 0.38565239371253146 0.24143916117786374 0.5840963677246175 0.3225663674205786
-9.413489736070382 0.3855095199975184 0.24196639032530728 0.5837202000333327 0.3241376263907137
-9.393939393939394 0.385914193577764 0.24210162671731206 0.5828567790236523 0.3264318044739998
-9.374389051808407 0.38620099871373553 0.24209176472317473 0.5824840909720647 0.3271527992891901
-9.35483870967742 0.3860167785716246 0.24179183371356647 0.5815972151483433 0.32815050927355477
-9.335288367546433 0.38576815195903025 0.24164347083051604 0.5814353833483729 0.3293614389919766
-9.315738025415445 0.38507859127750693 0.24136225737737427 0.580483717937498 0.33064416896074245
-9.296187683284458 0.38461103961689447 0.24138751870292469 0.5803074078409525 0.3320144842303886
-9.27663734115347 0.38476317272748217 0.2412426710114469 0.5806277912352813 0.333992047119293
-9.257086999022484 0.3847519906956195 0.24107511461673514 0.5805256281777789 0.33586539433358803
-9.237536656891496 0.38451367440537676 0.2410485216353258 0.5812623900573409 0.33633864920095546
-9.217986314760509 0.3843526411595939 0.2414237313777915 0.5818504156809574 0.3367718068841275
-9.198435972629522 0.38361599753426423 0.242195170163606 0.5810738697061911 0.3381011781310043
-9.178885630498534 0.3837549849863216 0.24266641024756716 0.5812236735203683 0.3406510282812158
-9.159335288367547 0.38317729088673813 0.24275724354957 0.5802549365564146 0.34148428187175706
-9.13978494623656 0.3827902616730907 0.24299197314748058 0.5801977481413022 0.34099570735131307
-9.120234604105573 0.38284447144777367 0.24326870349764332 0.5791863808868889 0.3418389938107951
-9.100684261974585 0.38250638946711707 0.2431763680871107 0.5783103545113287 0.34217594930986794
-9.081133919843598 0.3821281795464477 0.24362263587680777 0.5773758084508062 0.3437038067697964
-9.06158357771261 0.3820474870539323 0.24338738471466886 0.5765561683470642 0.34480515209938595
-9.042033235581624 0.3818273692645727 0.24303409383291255 0.5764285697792294 0.34588413921775846
-9.022482893450636 0.3811620712448204 0.24240734857106777 0.5746485341094009 0.3458656702614152
-9.002932551319649 0.38070871423158814 0.2419577220791644 0.5738711145332865 0.3461683034611234
-8.983382209188662 0.380044961901344 0.24146566546428222 0.5718888999031796 0.34706058766095393
-8.963831867057674 0.3795527664226837 0.24142652290513744 0.5715401688059643 0.3469094747761714
-8.944281524926687 0.3796413513614618 0.24072532777400288 0.5706884985350217 0.34686974674198434
-8.9247311827957 0.3792959405233166 0.24084952400168316 0.5698338854535111 0.3470410074718691
-8.905180840664713 0.37893434756955735 0.24106367392488487 0.5685577296346825 0.34716789665441844
-8.885630498533725 0.37853179779703044 0.24036314910730247 0.5685989820224543 0.3463931833945313
-8.866080156402736 0.37769319915007704 0.24053898740355734 0.5669438482979634 0.3459088269598451
-8.846529814271749 0.37770523771280523 0.23995746614835387 0.5649565663192027 0.34572908464924634
-8.826979472140762 0.3770901455986631 0.2401167799797638 0.563711222717362 0.34573728943124904
-8.807429130009774 0.3771083384974593 0.23995685103380568 0.562099824419543 0.3450189667419666
-8.787878787878787 0.37719072543679716 0.2394803043674555 0.5611929975902982 0.3442039271607136
-8.7683284457478 0.3766139433312226 0.2393168664629665 0.5602855123504369 0.3436151571278975
-8.748778103616813 0.37530414950977825 0.23855761733535652 0.5591236669059831 0.34299433769206017
-8.729227761485825 0.37521999729688105 0.23817843449365628 0.5579977618797944 0.34207281214352253
-8.709677419354838 0.3738005919049248 0.23783521990160758 0.557129406192774 0.34008513292127796
-8.69012707722385 0.3740250272289163 0.23747251850347031 0.5558314536169293 0.3386206653762099
-8.670576735092864 0.3734634163556483 0.23772307539898513 0.5546821348859718 0.337605212988408
-8.651026392961876 0.3729344789658799 0.23726670586109108 0.5530497993691902 0.3365157043338883
-8.631476050830889 0.3729425489489953 0.23718390304282244 0.5518283100729309 0.3352791340097815
-8.611925708699902 0.37318969777436206 0.2366614816466083 0.550028514145586 0.3339009917562162
-8.592375366568914 0.37171806969406096 0.2364874053369797 0.5490149106732906 0.33300619032268813
-8.572825024437927 0.37135536503578276 0.23662441115363703 0.5474918269437439 0.33113218465834515
-8.55327468230694 0.3705493069020508 0.23599172202861612 0.5459978148735104 0.32942252512878273
-8.533724340175953 0.36949083760221796 0.235671766283264 0.5456801843774793 0.3279705798039721
-8.514173998044965 0.3682317097042488 0.23553461905089831 0.5446508191920958 0.3272629885588984
-8.494623655913978 0.3674831481258949 0.23518047209010218 0.5436112660209641 0.325587332567283
-8.47507331378299 0.3670585539003111 0.23482629549097817 0.5419236688036861 0.3241753527442394
-8.455522971652004 0.3662497893984485 0.23420853255619056 0.5411324965440832 0.3239426756623008
-8.435972629521016 0.36484998915772826 0.23384223386964875 0.5398077975271305 0.3220320847899819
-8.416422287390029 0.36407062319157024 0.23375744786041655 0.5388406935046065 0.32044285607827955
-8.396871945259042 0.36286252197410485 0.23314406879416139 0.5368507406998863 0.31948871861756145
-8.377321603128054 0.361595450791801 0.23233472328617463 0.5345216684012325 0.3191574536482122
-8.357771260997067 0.3601068363913757 0.2321510228962073 0.5339479525811898 0.31740343632789714
-8.33822091886608 0.35919190834678427 0.2317263610867363 0.5331480123870855 0.3153479682578519
-8.318670576735093 0.35854740390995155 0.231475928015637 0.532085312691319 0.3147934076633871
-8.299120234604105 0.3578680927282456 0.2312101522188589 0.5320124544873587 0.3140103272584292
-8.279569892473118 0.3570657246159776 0.2299089204174309 0.5302399529757591 0.31355419547248287
-8.26001955034213 0.35586129772559016 0.22986795780169636 0.5280126017775714 0.31321668042960243
-8.240469208211143 0.3550147320920837 0.22936957620091367 0.5265998497062683 0.3123618462560067
-8.220918866080156 0.35376090220298745 0.22889285429765346 0.525636199620094 0.31130659825554596
-8.201368523949169 0.35281178767824656 0.22835866477133496 0.5241307246074812 0.31161120907771084
-8.181818181818182 0.35219770356979624 0.22754119141190945 0.5226448203400983 0.31108572487392677
-8.162267839687194 0.3511174389143382 0.22731535098100333 0.5203853634932193 0.3106453688793748
-8.142717497556207 0.3504661020122657 0.22677179512800602 0.5174118998351113 0.31062743544284954
-8.12316715542522 0.3496536899473783 0.22626251504215508 0.5155978200654678 0.31064008861605824
-8.103616813294233 0.34885225016231225 0.2260214723577985 0.5140522316568559 0.3109163624900215
-8.084066471163245 0.34826877005149115 0.22531085566253192 0.5119660973728125 0.31186117720548245
-8.064516129032258 0.3474958273792913 0.2247218106608664 0.5101944397386292 0.3124189728694185
-8.04496578690127 0.3467588125624838 0.22425831616519232 0.5076308277706885 0.31361493152338893
-8.025415444770283 0.3462066128423668 0.22400098293922197 0.5061503722025437 0.31441318029298376
-8.005865102639296 0.34474873725921307 0.2235133943147898 0.5045284428379435 0.3149961704782283
-7.986314760508309 0.34362842210182976 0.22335178416718457 0.5030178556019164 0.3157543986971815
-7.966764418377322 0.3428458190511883 0.22299712079012546 0.5020422619300863 0.31765688903098777
-7.947214076246334 0.3417435890853779 0.22265951693244387 0.5007757811795316 0.3190458382251316
-7.927663734115347 0.3407906263419631 0.22221553296869528 0.4995397242217824 0.32060370705753743
-7.90811339198436 0.3398472856988279 0.22139881718738294 0.4974502987281967 0.32232422798689037
-7.8885630498533725 0.33900413768605875 0.22134279077050667 0.49627247195546814 0.32482294172792203
-7.869012707722385 0.3380651155998563 0.22065594213051637 0.49456641265904544 0.3266382865809834
-7.849462365591398 0.33762112328599275 0.22031876315233279 0.4927969021878386 0.3281772274399631
-7.829912023460411 0.33684563071310264 0.21994066933448136 0.49104496770084166 0.33050769494130167
-7.810361681329423 0.33590743051930333 0.21928890634714887 0.48925521098096814 0.33290321948534585
-7.790811339198436 0.3351479849762318 0.21860002693340003 0.48705598555127044 0.3344442255551663
-7.771260997067449 0.3342345431863748 0.21806061667742815 0.4854256702985608 0.33655067916200876
-7.751710654936462 0.33345973193591344 0.21752172964230748 0.4841482882861209 0.33924326762149076
-7.732160312805474 0.33257670143899265 0.21723580715791935 0.4823274614595359 0.3416876272918549
-7.712609970674487 0.3319743384168943 0.21683339459112058 0.48086449436415507 0.3447631082722061
-7.6930596285435 0.33130733498564297 0.2168177372822721 0.47920163973817687 0.34847848496853934
-7.6735092864125125 0.3303172695440364 0.21597284836921118 0.47717902970855874 0.3518579351735744
-7.653958944281525 0.32929277766976256 0.21533876854937836 0.4754436569784475 0.35611188270678185
-7.634408602150538 0.32868691083960777 0.21545290951690002 0.4743939462828831 0.35883742671980784
-7.614858260019551 0.3277597669165197 0.21548136678134064 0.4726257567376004 0.36229579820615126
-7.595307917888563 0.32740663784802404 0.21511617591650425 0.4711903288256484 0.36570420234173956
-7.575757575757576 0.3268956499201545 0.214717356030736 0.46982266583738824 0.3698287076294972
-7.556207233626589 0.32659721150264714 0.2146121537731482 0.46779402793814384 0.3738235003051022
-7.536656891495602 0.3261623629096789 0.214266063567695 0.46608587277262303 0.3770405500026347
-7.517106549364614 0.32547751660955265 0.2135147170854408 0.4649430185386385 0.38084675585046035
-7.497556207233627 0.3246109412249459 0.21286032325445114 0.4635379029386595 0.3855552320072191
-7.47800586510264 0.3239005065060501 0.21247253868526006 0.46204105568198733 0.3888717375270422
-7.4584555229716525 0.32323867889111246 0.2117651341104993 0.45994041072990965 0.3942729968834224
-7.438905180840665 0.3226462373065734 0.21108596489972903 0.45841399957046336 0.39760355966493355
-7.419354838709678 0.3219507155880258 0.21061537709075043 0.45727643505057536 0.4018157431870242
-7.399804496578691 0.3208959997733691 0.2102488078203974 0.45586276754836963 0.40721370160882314
-7.380254154447703 0.32016276390257586 0.2092889784250123 0.45441196533454553 0.4120218201731253
-7.360703812316716 0.3188369455990956 0.209248199707627 0.45334906354506666 0.41719320185380115
-7.341153470185729 0.3181043909781237 0.20884556786970446 0.4522049355599783 0.4215867052354394
-7.321603128054742 0.3173178456619772 0.2083622107116883 0.4509634838610407 0.42615298310104816
-7.302052785923754 0.31661355696781945 0.20764820997415676 0.4497336516419222 0.4308345657791243
-7.282502443792767 0.3159595836730273 0.2072926306558468 0.44868276379883865 0.43518578232523125
-7.26295210166178 0.3151783077250464 0.20653955565932625 0.4478578791559702 0.43977000348944734
-7.243401759530792 0.3145741922031703 0.20608376843211076 0.44685940863941154 0.443880935813998
-7.223851417399804 0.3139285305072893 0.20558730972710465 0.4453950440814495 0.4485393019985033
-7.204301075268817 0.3133368244073961 0.20531964428118535 0.4440733615478315 0.452164775274802
-7.18475073313783 0.3127033070490361 0.20489068693281595 0.4426794958368017 0.45548555814446384
-7.1652003910068425 0.31226704666651983 0.20420747545731177 0.44148319874630537 0.4603300893915765
-7.145650048875855 0.3115055089786725 0.2036377168927067 0.4399746348368974 0.46357403433247224
-7.126099706744868 0.31074258416516115 0.20329936423425476 0.43865534817786794 0.4675597759191946
-7.106549364613881 0.3097820948800957 0.20309243659328896 0.43679187024775573 0.4714389485627218
-7.086999022482893 0.30921219428707003 0.20233891771923598 0.43524373195919014 0.47482542494233193
-7.067448680351906 0.3088547330805904 0.20189445527593078 0.4345187412326631 0.47678665712340373
-7.047898338220919 0.30864410056967717 0.20137551813009094 0.4333424210589277 0.48004082356399025
-7.0283479960899315 0.3081233971549278 0.2011608178522007 0.4315483478943797 0.48267021230890267
-7.008797653958944 0.3075138321155443 0.20041444049725315 0.43065832308987867 0.4853582551167265
-6.989247311827957 0.30710969208738254 0.20005597069409545 0.4297496812624867 0.48753631848959694
-6.96969696969697 0.3067696520245311 0.19954648303119485 0.4283124652749988 0.48914825833470105
-6.9501466275659824 0.3061163774085073 0.19939327710790467 0.4277504836190553 0.4914506453750423
-6.930596285434995 0.3054989281313498 0.1989540536557842 0.4264110824891989 0.49352086048074073
-6.911045943304008 0.30466283776017794 0.19872290638453544 0.4253808767141142 0.49448495481295984
-6.891495601173021 0.3036336935904827 0.19838471705564664 0.42374007181941203 0.49533308307746415
-6.871945259042033 0.30308585216274264 0.19816218593245088 0.422694268237777 0.49723753748976557
-6.852394916911046 0.302210974749186 0.19821307364629098 0.42156341396746627 0.49701273998988477
-6.832844574780059 0.30144572526433916 0.19840757443815413 0.42087819459168174 0.4985609235188794
-6.8132942326490715 0.3007448817001178 0.19805173843399027 0.4199321403209379 0.49942689954145525
-6.793743890518084 0.300351567285725 0.19744497266359115 0.41912062049507276 0.499662100104982
-6.774193548387097 0.2997452671408589 0.19726848274672065 0.41803983110009374 0.49901638458228437
-6.75464320625611 0.29902952126885746 0.19702613748756084 0.41733964108551164 0.49955879765253397
-6.7350928641251215 0.2983305816214937 0.19661657523340664 0.41572078757457975 0.49858393495776954
-6.715542521994134 0.29732842884209976 0.19610483306778642 0.4144593349997191 0.4980208909944208
-6.695992179863147 0.29663449115162144 0.19582791081229992 0.41345665937667486 0.49765825763132
-6.67644183773216 0.2961387235828712 0.1957297591983352 0.4118787860459686 0.4969230676597028
-6.656891495601172 0.29519026314457814 0.19512999505352027 0.41130410114292487 0.495523494692627
-6.637341153470185 0.2946178428106456 0.19472581006405912 0.41040224017324445 0.4946444579994609
-6.617790811339198 0.29384612449612774 0.19453029099521493 0.40981034012462886 0.49319077956081747
-6.598240469208211 0.293318261712099 0.1940456808384673 0.40883379403623565 0.49252882364205014
-6.578690127077223 0.29276391293239445 0.19376691136860683 0.40848667122405213 0.49099933154979847
-6.559139784946236 0.29231197398630065 0.1928667315278513 0.4072538329135725 0.4885294155967503
-6.539589442815249 0.2917509430537003 0.19265575976912935 0.40707567653963117 0.4865016254414965
-6.5200391006842615 0.291591973935333 0.1923162741165318 0.4060913222028583 0.4843187431192716
-6.500488758553274 0.29079609688473224 0.19217631591198697 0.40494907861448254 0.48220991790675566
-6.480938416422287 0.29024254923607756 0.19194266011577113 0.4038947641344524 0.4804342327069349
-6.4613880742913 0.28941935111641925 0.19124058855658227 0.4036036353832485 0.4773846624516335
-6.441837732160312 0.28836118612415257 0.19083270032885785 0.40313806088781984 0.47542689801881866
-6.422287390029325 0.28786075762556784 0.1901453961144345 0.40212341715055056 0.4722885207237564
-6.402737047898338 0.2871395852620239 0.18983529202042845 0.4010132449284127 0.4699757511527721
-6.383186705767351 0.28681482806690434 0.18977259228525453 0.400503032407633 0.4671156851870763
-6.363636363636363 0.286317281838048 0.18935365557767764 0.3993397985473569 0.46406924351474493
-6.344086021505376 0.28595012043990914 0.1889344443176457 0.3989064867190777 0.4627269901317121
-6.324535679374389 0.2855518094073957 0.18837844235863202 0.39857473290557 0.460882532633417
-6.3049853372434015 0.2847826438196017 0.18810228753984734 0.39804452644303895 0.45896964356120745
-6.285434995112414 0.28432455439111065 0.1879998302595419 0.39706638214857204 0.45650649074425365
-6.265884652981427 0.28377378646502904 0.18756074104060727 0.3965488966233514 0.455159017676386
-6.24633431085044 0.2831860777039083 0.18707733127502524 0.3959729504381007 0.4541864644755061
-6.226783968719452 0.2825228187896692 0.18685497464440637 0.39473172331990364 0.45143003390284514
-6.207233626588465 0.28207939020004014 0.18656620024259465 0.39392623941450594 0.44886687266438946
-6.187683284457478 0.28162147136165794 0.18619013935107953 0.39326045918902913 0.44682057763072747
-6.168132942326491 0.28119948657788296 0.18606569498831071 0.3922906599218052 0.44407058627481133
-6.148582600195503 0.2807639203997907 0.1857073792151225 0.3919712330519358 0.4426055914152443
-6.129032258064516 0.28023251690677353 0.185831913944743 0.39124904732734733 0.4410599864675967
-6.109481915933529 0.2799387272098488 0.18583212693999066 0.391136558850611 0.4380768452582045
-6.0899315738025415 0.27937391246635185 0.18534221590760674 0.39021033480758205 0.43685042886863196
-6.070381231671554 0.2789706748562571 0.18537764252021915 0.38885817872850653 0.4356364020617436
-6.050830889540567 0.2786595615498425 0.18521214603062447 0.38806852781972867 0.4341884221827742
-6.03128054740958 0.27748534959340343 0.18499552870802632 0.38758066716594486 0.4325720096326316
-6.011730205278592 0.2768672562456794 0.18463704166153153 0.3868678690508782 0.4312075036395372
-5.992179863147605 0.27638595928028975 0.18384119853047484 0.38610022103379393 0.430116679398633
-5.972629521016618 0.27608733333128804 0.18363680404219065 0.3852410409903081 0.42943229730649657
-5.9530791788856305 0.27584256221296855 0.18319701991757997 0.38445143216748195 0.4286281537134345
-5.933528836754643 0.27515925705691135 0.18276925058303908 0.38410522116660567 0.4278131725331757
-5.913978494623656 0.27502226227575993 0.18255469319838624 0.3838785903355473 0.42787587139489164
-5.894428152492669 0.2743486803307362 0.182333809718347 0.38337067802157343 0.42752278327383725
-5.874877810361681 0.2739046675705226 0.18193963253858947 0.3828896396840692 0.4275134061456436
-5.855327468230694 0.27354162315743286 0.181756610761517 0.3826862948645622 0.426659560839332
-5.835777126099707 0.27305863707655426 0.18125124741151494 0.38202079732445077 0.42704016036138454
-5.81622678396872 0.27276074649729104 0.18082113760606697 0.3819410379143566 0.42834355475850855
-5.796676441837732 0.2723647318416294 0.18041625721935395 0.38176149507143775 0.4280724456706948
-5.777126099706745 0.27221523991475094 0.17961004252816018 0.3813822821168794 0.42847020643948996
-5.757575757575758 0.2719079967893295 0.17921692792081362 0.3810850368206375 0.42930252037890243
-5.7380254154447705 0.27143082567232074 0.17916805192161886 0.3807978282243449 0.43111406434164523
-5.718475073313783 0.2711650946037045 0.17882416386953173 0.3808537695416419 0.4321130351133228
-5.698924731182796 0.27077920304808817 0.1783703531623413 0.3806469767624496 0.43247436444892556
-5.679374389051809 0.2706554685466893 0.17800235757759542 0.38054192550183846 0.4340283137028279
-5.659824046920821 0.27080911084494375 0.17770206425006652 0.3799022000115988 0.4348617813918991
-5.640273704789834 0.27070285197463567 0.17718308663865034 0.3792046880691008 0.4365793506899499
-5.620723362658847 0.2707553377122989 0.1769054246762572 0.37897037684684554 0.43840531134440297
-5.60117302052786 0.27048607320299645 0.1764443171109078 0.37869048034175246 0.44035173298764
-5.581622678396872 0.2705823207208755 0.1766148952477874 0.37811571298627356 0.4425753061672444
-5.562072336265885 0.2700566190527061 0.17646373373887136 0.3778938517115179 0.44367792275664913
-5.542521994134898 0.2695159500866477 0.17624561007137815 0.377465657116305 0.4447372228543532
-5.5229716520039105 0.26959673187431427 0.1760214099085892 0.37698093282571293 0.44636110846939475
-5.503421309872923 0.26922720448561344 0.17593508869674032 0.37616235154691763 0.44830198466851123
-5.483870967741935 0.26875654855499187 0.1758327625702265 0.37585613442878496 0.44989023366677094
-5.464320625610948 0.268873539538149 0.17573236481749643 0.37554867285254745 0.45209385097247873
-5.4447702834799605 0.26901918208637576 0.17527574806047727 0.3751579607435748 0.4535701727690274
-5.425219941348973 0.26871707830216146 0.1751761137738868 0.37494283869747436 0.4548164341478416
-5.405669599217986 0.2682397727938433 0.174934707842643 0.37483716485256663 0.45507441592386916
-5.386119257086999 0.26835220656310477 0.17463490603222848 0.3745702639302389 0.45546078391318884
-5.366568914956011 0.26822909160405756 0.17456084825620288 0.3741983479055578 0.4562320913378415
-5.347018572825024 0.2678662166773952 0.17461739171881152 0.3737578992884327 0.45816033499605485
-5.327468230694037 0.2676642212304938 0.17463026739965992 0.37394088314039264 0.4583971640036875
-5.30791788856305 0.2673044368290778 0.17425186052889188 0.3739237047097263 0.4601503887948584
-5.288367546432062 0.2670108532347027 0.17404333234471586 0.373686057567598 0.46042458344960385
-5.268817204301075 0.26671826789863423 0.17359889495656075 0.3736720652887444 0.4598590293228008
-5.249266862170088 0.266552056503518 0.17338477925086404 0.3735256590216952 0.4600176372654327
-5.2297165200391005 0.26636236206539493 0.17373564666098085 0.3731256632754791 0.45991195883781427
-5.210166177908113 0.26626412099880814 0.17369197457097724 0.3730836254250832 0.45871184536269444
-5.190615835777126 0.266078453606516 0.17353633086136516 0.3732630931836499 0.4570449393848662
-5.171065493646139 0.2657207549556432 0.1738120723572135 0.37335608574183393 0.45656357887810656
-5.151515151515151 0.26563781870851577 0.174010155621727 0.37330221030650274 0.4549002896766706
-5.131964809384164 0.26548845665554444 0.17384817041848707 0.3733390003130072 0.4521181668624429
-5.112414467253177 0.26539890661698495 0.17383495851802766 0.37321910702170086 0.45053081861125205
-5.0928641251221896 0.2652614890557977 0.17372032943144763 0.372974871702414 0.44912417555189366
-5.073313782991202 0.2653334867310103 0.17352574355303868 0.3731499653535508 0.4462073049781572
-5.053763440860215 0.26516076295897373 0.17339577425343927 0.37358888973752286 0.4427230251957001
-5.034213098729228 0.2652748494960565 0.17362011958672555 0.37343378028944385 0.4373002149799211
-5.0146627565982405 0.2652479716789584 0.17327241631445478 0.3732667356896635 0.4341251927429489
-4.995112414467253 0.26516785052297764 0.1732845029524341 0.3734833294257537 0.4296923152014165
-4.975562072336266 0.2651313716400253 0.17340444009209804 0.37305207622970044 0.4261773602078829
-4.956011730205279 0.26509820948328017 0.1731921048048059 0.3731395541386949 0.4221074141038359
-4.936461388074291 0.26511235686059653 0.17300343515396419 0.3734121692922759 0.41887495754843135
-4.916911045943304 0.26494844895516456 0.1729503062525886 0.37314289739870576 0.4138726656723111
-4.897360703812317 0.2647840939266883 0.17271246016481842 0.3729192293863202 0.41012876657706515
-4.8778103616813295 0.264675163570426 0.17285610297038562 0.373217662720351 0.4071773539072203
-4.858260019550342 0.26458573286664566 0.17281879736475483 0.37300746911782084 0.4031453638010954
-4.838709677419355 0.26457772112413963 0.1726846419455935 0.3733450372996002 0.3983058285356753
-4.819159335288368 0.26473760460409596 0.17254471608437 0.37344760931733134 0.39450946205636145
-4.79960899315738 0.2644722176744565 0.17244719713462694 0.3729057538948996 0.3896611831130994
-4.780058651026393 0.26441401187084046 0.17228580943227909 0.3727987181565183 0.38620762679246406
-4.760508308895406 0.26428490123757414 0.17213999909976446 0.37285043621123604 0.38139152948557964
-4.740957966764419 0.2642324564950571 0.1721901278649221 0.37307976508712826 0.37713247418424706
-4.721407624633431 0.26421233806099315 0.17208839493623554 0.3729998566191996 0.37364498750206177
-4.701857282502444 0.2640572587979082 0.17202952656318282 0.37303792783355283 0.37050278795271335
-4.682306940371457 0.26401720509148163 0.17188633494945654 0.373314676453058 0.36642058537983996
-4.6627565982404695 0.2635444908078937 0.17197815407788444 0.3734549711941068 0.36229426572144147
-4.643206256109482 0.26342077029200983 0.17194436249688527 0.3733596139693436 0.3581288023523848
-4.623655913978495 0.2636421503173229 0.17176759981137385 0.3734571266004327 0.354358441025908
-4.604105571847508 0.2637555054384374 0.1715601353968815 0.37363031203250596 0.35105425462288276
-4.58455522971652 0.26400141566710833 0.1712916589035502 0.3736665068910524 0.34765181741021717
-4.565004887585533 0.263627073298251 0.1715940021777104 0.37403122924943116 0.34537298479078926
-4.545454545454546 0.2636912946549042 0.1715924236878067 0.3740404374677648 0.3408969870781497
-4.525904203323559 0.263954910857247 0.17164848643569935 0.37430260093139744 0.3373614830170933
-4.506353861192571 0.2637050374145586 0.17157547012041086 0.3746167908674425 0.33372039878247917
-4.486803519061583 0.2635985818073131 0.1717989828625384 0.37491825746881857 0.33017164919091263
-4.467253176930596 0.26376169245931624 0.17165193888794505 0.37509394822860836 0.3269961428975943
-4.447702834799609 0.26369609401363625 0.17136274603727264 0.3754703020328927 0.323705885808228
-4.428152492668621 0.26378843629448945 0.17167443035730315 0.37552302039371144 0.32014247714990623
-4.408602150537634 0.2637713128064977 0.17159492840479915 0.3756911551762808 0.31736905508400953
-4.389051808406647 0.26393476262346705 0.17177292936227762 0.375283794282974 0.3143760629413239
-4.3695014662756595 0.2638610663446639 0.17177802026744304 0.3755282081320557 0.31085208417491
-4.349951124144672 0.26381162142969666 0.17141622018921773 0.37555532297266714 0.30728701773295525
-4.330400782013685 0.2641096192650227 0.17095076488237212 0.37600000359834557 0.30479903835062194
-4.310850439882698 0.2641582921844628 0.17107309792113765 0.37572265995295057 0.30160799941129773
-4.29130009775171 0.2640051648556094 0.17117075428528145 0.3762980691923358 0.2983075349801537
-4.271749755620723 0.2636243309669441 0.17125793789608773 0.37694161135991705 0.295840315203984
-4.252199413489736 0.26360745358574267 0.17135702571777048 0.37706544542327325 0.2933403459191464
-4.232649071358749 0.2636921415579287 0.17149463581879107 0.3776007418748617 0.2908308558937618
-4.213098729227761 0.26383669124510584 0.1714426483542441 0.3774523274259331 0.28770430810013253
-4.193548387096774 0.26393814707757457 0.17127158506104137 0.377158920435168 0.28488393050130945
-4.173998044965787 0.2642629548866027 0.17101894523229308 0.3775721296074287 0.28266664265421615
-4.1544477028347995 0.2644454144671042 0.1710463098058028 0.37753246497386056 0.27974265036708024
-4.134897360703812 0.26453251557531077 0.17036382962387964 0.3771132384955482 0.277374521820996
-4.115347018572825 0.26443780245814263 0.17031822411095812 0.37733219543046537 0.274606918597186
-4.095796676441838 0.26432660215471915 0.17023303922594493 0.37700007220187376 0.2723736950300742
-4.07624633431085 0.2644224631278885 0.17023989987302596 0.3769945593494293 0.2699183535606883
-4.056695992179863 0.26456387749565813 0.17024042131839504 0.37733248607118314 0.2675249097059735
-4.037145650048876 0.2646009973973356 0.17022822945991284 0.3771941295840917 0.26486775316597566
-4.0175953079178885 0.2645667361462871 0.17030075927912483 0.37737737910609154 0.2630785384757894
-3.9980449657869013 0.26501342638559 0.17001373383752527 0.37763756989995484 0.2616386019720832
-3.978494623655914 0.2650280611138208 0.17017372478697693 0.3777393800040018 0.25995723552892197
-3.9589442815249267 0.26519694500000807 0.1701746125420109 0.37766926552982005 0.2583585836192227
-3.9393939393939394 0.26552248962733105 0.1701314977636717 0.3781444234385714 0.25653319791573964
-3.919843597262952 0.2651917207582199 0.1701097165679136 0.37857510691014423 0.2547617106958795
-3.900293255131965 0.2653555365985308 0.17024452676227758 0.3788456722390415 0.2539857861376881
-3.8807429130009776 0.2653201759052464 0.1701024758253788 0.37881766352227436 0.25277964884850573
-3.8611925708699903 0.2654757884781523 0.16989766074537874 0.3788222986877063 0.2517685938315153
-3.841642228739003 0.2654987539965475 0.16977390903150505 0.3788717055851152 0.2508870766105113
-3.822091886608016 0.26518742785277116 0.1695298688882611 0.37863312352506706 0.2504019157632365
-3.8025415444770285 0.2652543789609616 0.1695587024366942 0.37900476366867025 0.24906874193258496
-3.7829912023460412 0.2654211946819691 0.1696171420991025 0.37935931490640246 0.24824697210527832
-3.763440860215054 0.26567832184543955 0.16988318402752528 0.3797653502549725 0.247831027317628
-3.7438905180840667 0.26596451991093606 0.16976800194524583 0.3803065555702891 0.24685413928840383
-3.7243401759530794 0.26579565485031326 0.16976252414604404 0.3805211010816952 0.24724739303400076
-3.704789833822092 0.2660532466897329 0.169667698438026 0.3807924030418283 0.24560856461688413
-3.685239491691105 0.2660617642046637 0.16951114592213637 0.3812616471413595 0.2452368216126353
-3.6656891495601176 0.26643356675108004 0.16938608972974226 0.3819145552497429 0.2459400193028648
-3.6461388074291303 0.2663316136926497 0.16940523846191652 0.3823466273780093 0.24658230242176601
-3.626588465298143 0.26650636206957407 0.1695001456022189 0.3831155563284759 0.2469124194935329
-3.6070381231671558 0.2664156473954042 0.16948088094097538 0.383380649331818 0.24714367521687897
-3.5874877810361685 0.26668051442844654 0.1697058636766169 0.3836203172866691 0.24672657511898283
-3.5679374389051812 0.26672966327441927 0.16982060845667135 0.3839216370671619 0.24666407498406828
-3.548387096774194 0.2667651787645128 0.16998978150292804 0.3839252104059797 0.24727406841693927
-3.5288367546432067 0.2667799418592334 0.17022027134654455 0.3840105242057255 0.2476034169281292
-3.5092864125122194 0.26702415480531977 0.17027340356631063 0.3840977538514729 0.24905949103360808
-3.4897360703812312 0.2669897612450446 0.17048562302811654 0.38446516507002493 0.2488241845002711
-3.470185728250244 0.2671980044477257 0.17045600609570588 0.38455691020821886 0.2486432303671587
-3.4506353861192567 0.26746713792352655 0.17075586828590786 0.3848674760237106 0.24843179328968087
-3.4310850439882694 0.2678335946773746 0.17083746558043672 0.3853681267751787 0.24839193606801244
-3.411534701857282 0.2679744937298327 0.17122549120198682 0.3854151543704811 0.2493300156157127
-3.391984359726295 0.26813111347394003 0.17151545944548796 0.3858356279331421 0.24925846408613608
-3.3724340175953076 0.26828806288496154 0.17162009538678932 0.38644703808416125 0.2508216813907935
-3.3528836754643203 0.2683478488444163 0.17167860261697557 0.3865388580119101 0.25052849991049897
-3.333333333333333 0.268573593950468 0.17170996482272255 0.38648564661925056 0.2511338482864744
-3.3137829912023458 0.2689424790052165 0.1719462505529216 0.386796049988146 0.2519663626186758
-3.2942326490713585 0.26900667642346976 0.1719205457958407 0.3871183682004265 0.25240359156576964
-3.274682306940371 0.2693552411574478 0.17206010777477193 0.3873385635711631 0.251247218574876
-3.255131964809384 0.26974031196840914 0.17205712393292222 0.38761739227771264 0.2517388974565705
-3.2355816226783967 0.26978597829441847 0.17218988996905424 0.3875764163323507 0.25193591633086354
-3.2160312805474094 0.26991960867496556 0.17225814204893997 0.3881052851879099 0.25234830593588575
-3.196480938416422 0.27009612081159295 0.17240069817502407 0.3884692662084809 0.25297036326371447
-3.176930596285435 0.27029856277502834 0.1723924479511058 0.38908787729397976 0.25289473317931876
-3.1573802541544476 0.2706071814972865 0.17247794830266067 0.38940601442407 0.2534863985266088
-3.1378299120234603 0.27083299848410913 0.17259686739595165 0.38976191191752524 0.2533616390665736
-3.118279569892473 0.27109609271730434 0.17269048025288145 0.39007003697997883 0.2523408574612806
-3.0987292277614857 0.2713004789865009 0.17275836936603894 0.3906620332672843 0.2519879932895116
-3.0791788856304985 0.2712541794456219 0.17246573520531502 0.3908843195598269 0.2518476733658215
-3.059628543499511 0.27148807426816474 0.1724513831007866 0.39131100682243003 0.25116700922645246
-3.040078201368524 0.27158732300999605 0.17265247780353216 0.391677992089171 0.2508590059629419
-3.0205278592375366 0.2717062830227608 0.17260728172629602 0.3918919390212124 0.250020950452557
-3.0009775171065494 0.27219335613971873 0.1726225225958841 0.39245668778096626 0.2499123225630095
-2.981427174975562 0.2723307132868533 0.17260822226894623 0.39308185267929646 0.25026426203172675
-2.961876832844575 0.272618873568968 0.17305869446730568 0.39330098395544416 0.24980572168136844
-2.9423264907135875 0.2729638528781542 0.1730758475318599 0.39407209535381854 0.24956186797385932
-2.9227761485826003 0.2727898808076718 0.17286332718854447 0.3945504486606404 0.24842848188239458
-2.903225806451613 0.2728233077728729 0.17295184771673283 0.3947621654083975 0.24834402038210798
-2.8836754643206257 0.27334732649749643 0.17321773556244463 0.3952043928922511 0.24849458054773033
-2.8641251221896384 0.27297464950472944 0.17347642538005115 0.3955729120862639 0.2473895156432888
-2.844574780058651 0.27314940011443817 0.17354099398450662 0.39580217178086724 0.24718309918204925
-2.825024437927664 0.2732450652265782 0.17360185398837152 0.3960034607622986 0.2460749339229126
-2.8054740957966766 0.2733293064616903 0.17348070836325127 0.39629673802317633 0.2451789304438159
-2.7859237536656893 0.2733255261319787 0.17346853402264875 0.3966522342536553 0.24451662507436606
-2.766373411534702 0.2736784964770463 0.17364055809375842 0.3969504454806673 0.24401721254818487
-2.746823069403715 0.2733815432992735 0.1737712742481818 0.3971422990979018 0.24274023023007169
-2.7272727272727275 0.2738882911852618 0.17361187702989975 0.39779354635496733 0.24193903236383466
-2.7077223851417402 0.2737780760314238 0.17388613647938425 0.39812213652818756 0.2416835091220704
-2.688172043010753 0.27402627069769336 0.17422263982446146 0.39880619777919946 0.24076937133786097
-2.6686217008797657 0.27446545942771783 0.1743210050729359 0.39914115287827023 0.23966410041493577
-2.6490713587487784 0.2748505945272135 0.17407411960902466 0.3999158418934235 0.23888449020708744
-2.629521016617791 0.27515806718792374 0.17399121106289928 0.40042128175185004 0.23838209750857192
-2.609970674486804 0.27550639352011236 0.17424625818619643 0.40072311397128185 0.23815700476518312
-2.5904203323558166 0.2756061809346003 0.1744506566922962 0.4012288314493263 0.23730408266455602
-2.5708699902248293 0.27627016369365376 0.17466191916180007 0.40187681458662694 0.2369912401081509
-2.551319648093842 0.27633705365422706 0.1747641089850007 0.4026283092571999 0.2369774482584745
-2.5317693059628548 0.2769911798488755 0.17503941909542559 0.403403199390001 0.23660829426249186
-2.5122189638318675 0.27706279177867243 0.1750761496330679 0.40358749271796257 0.2363181283613792
-2.4926686217008793 0.27721879925089404 0.17529364865335367 0.4040370420478557 0.23572119245354087
-2.473118279569892 0.27742419054970174 0.17517642043196888 0.4042466265770638 0.23511736672778935
-2.453567937438905 0.27740750475075016 0.1756069435159107 0.4047122133709867 0.23523406259763002
-2.4340175953079175 0.277314704731755 0.17589548862763257 0.4048334188218757 0.23516789425713833
-2.4144672531769302 0.27767282034564744 0.17607114071869367 0.40446682123563565 0.23520129362891565
-2.394916911045943 0.2778811982250125 0.1762192151333059 0.4049345781201466 0.23483652620808992
-2.3753665689149557 0.2782337208076935 0.17639674611660455 0.40546380232453644 0.23467662432585026
-2.3558162267839684 0.2785804683011849 0.1763564674394204 0.40598829818088034 0.23479380027656635
-2.336265884652981 0.278734552117176 0.17634852469763454 0.4063574459454116 0.23438653121055045
-2.316715542521994 0.27914848852208907 0.1761589571136239 0.40697489193966024 0.23414885978805106
-2.2971652003910066 0.2791347363078962 0.17626291418056736 0.40799649017104667 0.2340655699044955
-2.2776148582600193 0.2788334893601201 0.17638717019953795 0.4083201403062372 0.23384189493843635
-2.258064516129032 0.278731259087737 0.17672164487743094 0.40869794460264663 0.23363688400554614
-2.2385141739980448 0.27881812933645195 0.1767619652360936 0.4093592476044174 0.2332059837566666
-2.2189638318670575 0.2792942604253722 0.17663638538781157 0.41022221923106733 0.23269563276423172
-2.19941348973607 0.2795872643868498 0.17686898173156784 0.41062312162028836 0.23250014526651902
-2.179863147605083 0.2797725559750275 0.17701082060827553 0.4112587713143108 0.23272722151151293
-2.1603128054740957 0.2796362555481445 0.17685593702996968 0.4115630723998918 0.23252019083007636
-2.1407624633431084 0.2800093407052945 0.17706857183142716 0.4119795402514161 0.23223741975512968
-2.121212121212121 0.2805948535234696 0.17711960917185737 0.4123664791384684 0.23230331685400377
-2.101661779081134 0.2806819813023416 0.17691541713499306 0.4131367104594131 0.23236265607144227
-2.0821114369501466 0.2809117952200314 0.17714144554152075 0.4134846349135593 0.2319594187410815
-2.0625610948191593 0.2811477121763134 0.17772318661910982 0.4141788447929872 0.2317214583582596
-2.043010752688172 0.2813255554892945 0.1780515217613535 0.41469429069299163 0.231613967231322
-2.0234604105571847 0.28166986500370716 0.17814974398948916 0.41518114439870296 0.23172593377552278
-2.0039100684261975 0.2815204368393046 0.17830375378162855 0.41582009130421005 0.2322947406445366
-1.9843597262952102 0.2821415726594472 0.17834438052799506 0.4161881889394471 0.23174809113407926
-1.964809384164223 0.282133620658783 0.1784353117229313 0.41625064096080483 0.23147711163300796
-1.9452590420332356 0.2824904004848096 0.17842305076280743 0.4164804908014825 0.23107698183698136
-1.9257086999022484 0.2827833183242488 0.1786173456457864 0.41713918828674657 0.23084269548083067
-1.906158357771261 0.282864286879661 0.17867901845556688 0.41748727396353325 0.2306918440345576
-1.8866080156402738 0.28311215720973715 0.17888073544926325 0.4180869494934991 0.23069050152185153
-1.8670576735092865 0.2830467531238184 0.17918872945820757 0.41866815968685417 0.2305958177954151
-1.8475073313782993 0.283444559435195 0.17928088296793224 0.4192036673770816 0.23030522482922217
-1.827956989247312 0.28326173247498543 0.17930252778110142 0.4196285900219747 0.22999226000920137
-1.8084066471163247 0.28337686451377925 0.17931921633026504 0.42008577763152094 0.22995889834141434
-1.7888563049853374 0.28385576898733483 0.17963243051716607 0.4201916666945151 0.22962622872485808
-1.7693059628543502 0.2841805160662812 0.17990393240840638 0.4206106211481538 0.22939808683112972
-1.7497556207233629 0.2843625955858553 0.18001869156503572 0.4214522892931944 0.22906283859660653
-1.7302052785923756 0.28454407014115246 0.18030681215184163 0.42237497813214003 0.22859116039982635
-1.7106549364613883 0.2845534435601681 0.1806259378654604 0.42253066223215063 0.22843706118919285
-1.691104594330401 0.2847364295141512 0.18091200253447096 0.4231199884427636 0.22811074852351865
-1.6715542521994138 0.2850762882978555 0.18075159389365306 0.423830988320491 0.22781248978441343
-1.6520039100684265 0.28500733766622666 0.18126162332510243 0.42363411590064604 0.22717304469352928
-1.6324535679374392 0.2850710478957115 0.1812589775245589 0.4241649780570912 0.2271485302354733
-1.612903225806452 0.28546622172416447 0.18143379797862713 0.42450466183721375 0.22672590801181824
-1.5933528836754647 0.28620880015900513 0.18143632311802585 0.4254171755937832 0.22675809178370382
-1.5738025415444774 0.2863172163716502 0.18173296548761783 0.42651509284760725 0.22640331344397396
-1.5542521994134901 0.28656102552275414 0.18193155296780847 0.42652415086448353 0.22628109322060688
-1.5347018572825029 0.286614492423062 0.18193715740443542 0.42719664700920734 0.22628859569883678
-1.5151515151515156 0.28672314117651687 0.18198968326874213 0.42768523394616065 0.22649721160687888
-1.4956011730205283 0.2867637147280352 0.18212295839942583 0.42862250513271893 0.22615656466970024
-1.476050830889541 0.2873959790936347 0.1826149624073033 0.4286105364985048 0.22587946345838128
-1.4565004887585538 0.2875712453125827 0.1826315214780903 0.42884729056172916 0.22575062342634616
-1.4369501466275665 0.28768558194786503 0.18268599664508256 0.42919719353838226 0.2256040655387857
-1.4173998044965792 0.2877946302997603 0.18270474209139148 0.42971470095260617 0.22502688502238088
-1.397849462365592 0.2882207743390132 0.18269298686593705 0.4295890247411819 0.22486771763465555
-1.3782991202346047 0.2886107832005017 0.18284120683467558 0.4300693756631436 0.22461676734126823
-1.3587487781036174 0.28878645447872653 0.18303826567193998 0.4303800753719936 0.22464439018783722
-1.33919843597263 0.2889534127660533 0.18334979466400061 0.43119246447366977 0.22487933703593424
-1.3196480938416428 0.2891396879551061 0.1834664383649804 0.43177310999167096 0.2250490807624267
-1.3000977517106556 0.28925022764035796 0.18373394461732692 0.43215184474981544 0.22471338882567732
-1.2805474095796683 0.28949939991045676 0.18395360610916206 0.4323050310034941 0.22473773621129012
-1.260997067448681 0.289568933328305 0.1839986089358102 0.43231508946470926 0.22520780856157968
-1.2414467253176937 0.28959507257908035 0.18443063551031533 0.4328082160708969 0.2248774807383184
-1.2218963831867065 0.2897132693582777 0.1846658179427604 0.43307048527620645 0.2248081755957157
-1.2023460410557192 0.2901234569978278 0.1845712306684659 0.43333410757356167 0.22442284786680602
-1.182795698924732 0.29009181202439943 0.18453538702222014 0.4335215045643562 0.22440470772023363
-1.1632453567937446 0.2902482205556872 0.18494774083981702 0.43369761532201073 0.22462873923936152
-1.1436950146627574 0.29043067105800524 0.184909813534006 0.4339119496641368 0.2245633932393983
-1.12414467253177 0.29024454325652776 0.18507758807191835 0.43404271601426164 0.2241368797314856
-1.1045943304007828 0.2902396328219806 0.18486124296692386 0.43431502832041674 0.22397153563435324
-1.0850439882697955 0.29086880945578486 0.18480905015440496 0.4346496812286093 0.22364887727085098
-1.0654936461388083 0.29090956091505893 0.18500630364989396 0.43510905312323 0.22363629241946342
-1.045943304007821 0.29121046463561373 0.1850930359782729 0.43510741164449956 0.22390778581569218
-1.0263929618768337 0.29101162332968955 0.18499808400424742 0.4352500164800195 0.22402513445059308
-1.0068426197458464 0.29142058477935967 0.18494155300630322 0.43601539616229523 0.22402435756926606
-0.9872922776148574 0.2915826950103107 0.18504828967643858 0.43686326135359677 0.22395539685747684
-0.9677419354838701 0.2920509313417027 0.185102119955778 0.437750068947116 0.22415613433935286
-0.9481915933528828 0.29245924338793094 0.18520833039127335 0.4382826525915569 0.22422968760339462
-0.9286412512218956 0.29270420439208894 0.18522203720393088 0.4386768636358359 0.2244647824362954
-0.9090909090909083 0.2924917886378644 0.18504524092270655 0.43901109112787345 0.22428230664935628
-0.889540566959921 0.2925352240976907 0.1851137324590342 0.43915629800501177 0.22435548207501987
-0.8699902248289337 0.29317171952406085 0.185252217460814 0.43896289951042683 0.22436351854762268
-0.8504398826979465 0.29332703938587584 0.18523301127298775 0.43936605555226005 0.22427455096203144
-0.8308895405669592 0.2933981339099142 0.18503879175280122 0.4393410817711174 0.22443208033132556
-0.8113391984359719 0.2934872562399721 0.18504566034126294 0.43961266965578627 0.22448177444516754
-0.7917888563049846 0.2938138907495131 0.18503337200263392 0.43991074800696034 0.22442298088802903
-0.7722385141739974 0.29409971078800234 0.18488653475533862 0.44004804900027533 0.22428991196210524
-0.7526881720430101 0.29435282083669073 0.1846203638965043 0.4405310901449841 0.2246607656295494
-0.7331378299120228 0.2946481548013967 0.18455425074703719 0.4405869670811418 0.22470278409380445
-0.7135874877810355 0.2946826663834072 0.1845700839198617 0.44074200774035743 0.22512045743377884
-0.6940371456500483 0.2947016027578057 0.1845539967569412 0.4415621086600011 0.22529995412095186
-0.674486803519061 0.2949938229225112 0.18498397737210032 0.44151701173988517 0.22559118849727855
-0.6549364613880737 0.2948880494824435 0.18503355396637255 0.4417271323514371 0.22582827481419632
-0.6353861192570864 0.29496335973793203 0.18526804171670727 0.4418246718596913 0.2257818756947109
-0.6158357771260992 0.29469489100519075 0.18553848870520148 0.44178554361134953 0.22574808365062235
-0.5962854349951119 0.29463065296936075 0.18563434611862256 0.44198179514329194 0.22579634697787956
-0.5767350928641246 0.29452072488312037 0.18527914693453904 0.44218551420680485 0.22566047741025144
-0.5571847507331373 0.2941368795674972 0.18548235764172033 0.4428828559878112 0.22561971275471535
-0.5376344086021501 0.2944266032842398 0.18579553294608836 0.443043974065561 0.2258795033014873
-0.5180840664711628 0.29471712156509267 0.1861361526233142 0.44325324159775087 0.22568402920749397
-0.4985337243401755 0.2947710534500645 0.18632049658594604 0.44356913366925776 0.2257293974379644
-0.47898338220918824 0.2949146182848447 0.1862384596514097 0.44330090931079585 0.22575407170769532
-0.45943304007820096 0.2948802573948963 0.18621052268567245 0.44359887837118145 0.226078532949992
-0.4398826979472137 0.294948708565117 0.18628595241063745 0.44333359861404764 0.2266104820748553
-0.4203323558162264 0.294818811940454 0.186330676640067 0.4438713221857355 0.22636473986830025
-0.40078201368523914 0.29513206209738085 0.18618994627079227 0.44379620109778584 0.22592128159467192
-0.38123167155425186 0.2953898963851849 0.18596370231330991 0.44393735125411177 0.22617321990428402
-0.3616813294232646 0.2955800775141583 0.1859851408524853 0.44460226996330593 0.22603010289891565
-0.3421309872922773 0.2962210496992228 0.18573795960468711 0.444772050980733 0.22632446030818226
-0.32258064516129004 0.29628359033490487 0.18560698594303293 0.44513266402440393 0.22618457245111515
-0.30303030303030276 0.29651240364479653 0.1858649851675999 0.44548139364209177 0.22626336002062972
-0.2834799608993155 0.29729536088842723 0.185960586649424 0.4455358039186849 0.22642331438336052
-0.2639296187683282 0.29769511705655444 0.1857246895075796 0.4454609749867817 0.2264535808646397
-0.24437927663734094 0.2974579747763815 0.18582976598739817 0.4458364721115441 0.2264318433268175
-0.22482893450635366 0.29723652390562644 0.18609784206102706 0.4456142382638605 0.22601271845105492
-0.2052785923753664 0.2972670740161748 0.18606597493084986 0.44599642474682466 0.22624800936344566
-0.1857282502443791 0.29730315307903055 0.1860940869177822 0.44609104770929126 0.22614343382269153
-0.16617790811339184 0.297320545967399 0.18640833087989767 0.44622918306865594 0.2260152936845605
-0.14662756598240456 0.2972453990443044 0.18680691999868163 0.44630840601773636 0.22591375501845748
-0.1270772238514173 0.2971978441750856 0.18668159761403447 0.44591741164282295 0.2259846528669331
-0.10752688172043001 0.2974756129172236 0.18654560662825465 0.44587306756551814 0.22630610421925143
-0.08797653958944274 0.2976650148176429 0.18679636774424466 0.4464825201301505 0.22618207519464328
-0.06842619745845546 0.29766272030318724 0.18724458933764218 0.44649659242133677 0.2262850101620795
-0.04887585532746819 0.29767998205984236 0.18739433291199017 0.4471915134276438 0.22665388725211064
-0.029325513196480912 0.2978674084470935 0.18723112410707168 0.4478762194852832 0.22674434644671232
-0.009775171065493637 0.29797130642421166 0.18757565467524895 0.4482075989559406 0.22677190882743087
0.009775171065493637 0.29809802537022806 0.18741962540746435 0.4481762236713859 0.22633860219738652
0.029325513196480912 0.29808011517449845 0.18725750751382705 0.4485338867881198 0.22652196866942076
0.04887585532746819 0.2977397064191919 0.18733947046158203 0.4485042524081211 0.2266904620255914
0.06842619745845546 0.2975433811203433 0.18759217238326578 0.44884734902601053 0.22664713768236391
0.08797653958944274 0.29756306324122134 0.18749283761241325 0.448635436260066 0.2265755963584963
0.10752688172043001 0.297819474440024 0.18729195484296107 0.4485607567478415 0.2267789061640735
0.1270772238514173 0.2977079901873767 0.18718270488193334 0.4486903482999132 0.22672237153784489
0.14662756598240456 0.29756039279048774 0.18729586106937 0.4487341035386322 0.2268908127653176
0.16617790811339184 0.2975484584715193 0.1872632714187968 0.4487866648321472 0.22695809116952614
0.1857282502443791 0.2977544023500456 0.18722089375074433 0.44897965562259873 0.22697186045894457
0.2052785923753664 0.29753006868498977 0.18707895902702484 0.4488135447827602 0.2272382595805875
0.22482893450635366 0.29770355844781765 0.18724474907636984 0.4492138329269801 0.22718881156054352
0.24437927663734094 0.29801474982132664 0.1874228245745033 0.44915788333925316 0.22703434960121036
0.2639296187683282 0.29797421626995974 0.18753923163503178 0.44969131399374435 0.22703262587319864
0.2834799608993155 0.2980482100336395 0.1879022057716984 0.44944353347091903 0.22719004424543962
0.30303030303030276 0.29772682198354145 0.1880512784899605 0.44880923206991086 0.22765218738329185
0.32258064516129004 0.29767840629676573 0.18825464610689788 0.4488039791345432 0.22788371779334413
0.3421309872922773 0.29736806542544414 0.1879947638218268 0.44878680045436925 0.227722808124881
0.3616813294232646 0.29732103988165326 0.18786080209344438 0.4485567822716065 0.22778115844898242
0.38123167155425186 0.29716799943499905 0.18791274793999968 0.44879051344489373 0.22789238638518078
0.40078201368523914 0.2968486813252303 0.1876561997130439 0.4488080957167702 0.22793214728475464
0.4203323558162264 0.2966450045279377 0.1875852138505993 0.44911881801888065 0.2277480838184717
0.4398826979472137 0.2964887013396377 0.1877475927244815 0.44911583080822504 0.22775246885382125
0.45943304007820096 0.29614863868505775 0.18738605978622525 0.4492260281525509 0.2279874438107242
0.47898338220918824 0.2963039097539482 0.187388519744524 0.44930460834785946 0.2282549744799676
0.4985337243401755 0.29633075628405187 0.18745135727010184 0.44957356694290995 0.22833874719832878
0.5180840664711628 0.2964687164328905 0.18732341838930092 0.4491309338852975 0.2285874180550635
0.5376344086021501 0.2963213235804809 0.18744911800212846 0.44838839656841883 0.22858212197293346
0.5571847507331373 0.29613854937982 0.187270535942379 0.4478472488874494 0.22867846119592297
0.5767350928641246 0.2961494131920775 0.18720784147649638 0.4476150540197032 0.228650877991777
0.5962854349951119 0.296434611117926 0.18710374567612145 0.4474550703004155 0.22865819776785756
0.6158357771260992 0.2961559183966541 0.18717211401829995 0.44723587102868034 0.22882841022196063
0.6353861192570864 0.296492991002514 0.1873331142800567 0.4469175593848314 0.22893162966118608
0.6549364613880737 0.2961153206969667 0.18727802286563788 0.446595620411677 0.22889588354386065
0.674486803519061 0.2961364754863748 0.18739577749683925 0.44693001539486255 0.22915234720419717
0.6940371456500483 0.2965269337897207 0.18746380259380413 0.4466359157754133 0.2295536538078019
0.7135874877810355 0.29677391701102973 0.18728150472053617 0.44621664784421283 0.2298671757274728
0.7331378299120228 0.29681774315484116 0.18704657310352626 0.4460468968086611 0.23025736560099846
0.7526881720430101 0.2968538662040247 0.1870824099241407 0.44582213987749053 0.2300556968321091
0.7722385141739974 0.2968093240635586 0.18729461722960822 0.4451950707308023 0.23024687962030496
0.7917888563049846 0.29698772689873015 0.18712266275872425 0.4448885905333585 0.23035360049511341
0.8113391984359719 0.29653342832148133 0.18720028537160519 0.44501834967971493 0.23052554661061808
0.8308895405669592 0.29679270959263726 0.18705142007406605 0.444487102568471 0.2307875604757378
0.8504398826979465 0.29678075080921623 0.1867559304908165 0.44428919292116503 0.23121548908324166
0.8699902248289337 0.29641307541777956 0.1870453573454709 0.44419511919874594 0.23134163162140745
0.889540566959921 0.29620366033788015 0.1870872797876265 0.44394645486891265 0.2318585705638103
0.9090909090909083 0.29616232583676705 0.1870105172856213 0.4437639382561349 0.2320258356853241
0.9286412512218956 0.2962489658667396 0.18691242406604563 0.4435683191976653 0.23233601707136747
0.9481915933528828 0.2956976987721425 0.1866904721040643 0.44361413122540794 0.23235653508144707
0.9677419354838701 0.2957363673193356 0.18690790418678846 0.44371511673506026 0.23229658721741936
0.9872922776148574 0.29579572850574626 0.1869285305418598 0.44367178647744615 0.23249235275922953
1.0068426197458447 0.2958973684379154 0.18693869474708077 0.44382913167389976 0.23273531337003278
1.0263929618768337 0.2958535927775556 0.18675950302118102 0.4435077559751581 0.2326024733583025
1.045943304007821 0.2956558398119319 0.18704353448881322 0.44316398219052033 0.2327503959568841
1.0654936461388083 0.295624071396628 0.18671956830897815 0.44255401672025657 0.23305668547247912
1.0850439882697955 0.29584561455834507 0.18666819662201542 0.4419971997023076 0.23334906732945535
1.1045943304007828 0.2958157390373811 0.1864427309605465 0.4422673036239889 0.23314203423918645
1.12414467253177 0.29581776811720145 0.18631504624931225 0.44184304615382375 0.23305565336318051
1.1436950146627574 0.29594069331858536 0.18636352909381487 0.4418592088637389 0.2329166685825546
1.1632453567937446 0.2963238858082608 0.1860050699225204 0.4416926862078407 0.23304741958228486
1.182795698924732 0.29623737591153326 0.1859767059805553 0.44144454799411503 0.23347008844859823
1.2023460410557192 0.2959011676823613 0.1857116142235141 0.44156920453557863 0.2337214931765395
1.2218963831867065 0.29584995888376936 0.1857784777024002 0.441639247386449 0.23424834424937846
1.2414467253176937 0.2958432514873484 0.18571415186393847 0.44118764146921813 0.23491600402352403
1.260997067448681 0.29583858455295214 0.18590740846078646 0.4413454956019914 0.2352979493883641
1.2805474095796683 0.295721437633277 0.18585962448590074 0.4409580463254283 0.23557250885000733
1.3000977517106556 0.29519969573260296 0.18558621892858948 0.4401567793413405 0.23572303692363575
1.3196480938416428 0.2949662214028281 0.18531470470877595 0.43905423459593423 0.23603135023193791
1.33919843597263 0.2949137443463702 0.1851949030242643 0.4385680677209795 0.2363648890739274
1.3587487781036174 0.29484113760694086 0.18514968963657916 0.4380326624250363 0.23661774480272962
1.3782991202346047 0.2947000660128557 0.18529743968001997 0.43822781406005085 0.2368030678000696
1.397849462365592 0.2943156537267557 0.185214114271955 0.43776314685828394 0.2370093050700633
1.4173998044965792 0.2941234356263968 0.18506812036678472 0.4378965166460797 0.237393810048373
1.4369501466275665 0.29377135627448525 0.18477363682949766 0.43773142027191897 0.23761014340416423
1.4565004887585538 0.2933193391982474 0.18495157819492827 0.4373979632360768 0.2378511706738422
1.476050830889541 0.2930209634844558 0.18474008523743354 0.43726040170063935 0.23743608453879736
1.4956011730205283 0.2931361682724204 0.1848889072637704 0.43675675130385005 0.23818408169981375
1.5151515151515156 0.2930401895382417 0.1845278063787068 0.43612046194695503 0.23818381427232793
1.5347018572825029 0.29268279788914064 0.18422207890066436 0.4358913615953211 0.23807627054076652
1.5542521994134901 0.29186477408089606 0.18414807353049165 0.4357562862580009 0.23869238289339934
1.5738025415444774 0.291610637519314 0.18398462091308407 0.435542594163311 0.2385983087499343
1.5933528836754647 0.291613338086262 0.18390464203512538 0.43510420350958295 0.23853554119543166
1.612903225806452 0.2915249913819927 0.18346730521694074 0.4348821484766169 0.23892967851601465
1.6324535679374392 0.29146720643837026 0.1840002353467214 0.4344879151947194 0.23863903254263094
1.6520039100684265 0.29167356838514447 0.18376744883623666 0.43412052206128227 0.23926272445402025
1.6715542521994138 0.2918155816082557 0.18368523268610465 0.4339820569192055 0.23983384057558857
1.691104594330401 0.29156560679231003 0.18356012639379535 0.43390285855318667 0.2401037448928477
1.7106549364613883 0.2911704711026269 0.18345663365682136 0.43397606739799577 0.24062778172598143
1.7302052785923756 0.29090790551946943 0.18351608380939688 0.43363577360596933 0.24077394086565648
1.7497556207233629 0.2908927820811385 0.18305001650079453 0.4332907811483015 0.24139164216945644
1.7693059628543502 0.29082383510124177 0.18263782879074134 0.43272770655693077 0.2416947811961975
1.7888563049853374 0.29086519932251004 0.18274959731607376 0.4321791794634388 0.2421812595250092
1.8084066471163247 0.29094617057251027 0.18269258726222212 0.4317916512915837 0.2428121419718687
1.827956989247312 0.2908941395286909 0.1824931457605035 0.43147338400272617 0.2435191259349468
1.8475073313782993 0.2908587938791515 0.18226620251944214 0.43155493789123145 0.2438710927760844
1.8670576735092865 0.29069937226819703 0.182183854934142 0.4314585369060282 0.2444941547872052
1.8866080156402738 0.29024446872665927 0.1822480818684693 0.43052772366668873 0.2447077088976638
1.906158357771261 0.2897810136792506 0.18235427808350632 0.43041056752287554 0.24528572026555304
1.9257086999022484 0.2897404545168362 0.182328533735691 0.4300909876518869 0.24556976173870879
1.9452590420332356 0.2897315225937309 0.18230544278276328 0.4300431795068177 0.24631411824946875
1.964809384164223 0.2895158660328803 0.18226657946766744 0.42974635812433615 0.24666541470317202
1.9843597262952102 0.2893715129066123 0.18225034585061217 0.4290956865460731 0.24768082191323373
2.0039100684261975 0.289104752951529 0.18223284889077662 0.4293632868922 0.24780644372623592
2.0234604105571847 0.2885665279451831 0.18209480904581474 0.4290854604270287 0.2489429543713073
2.043010752688172 0.2883232692169492 0.18190033735595093 0.42878084265383254 0.24922740140533098
2.0625610948191593 0.2880484142159297 0.182006976833948 0.4285672415717317 0.2499273799694299
2.0821114369501466 0.28789563684152847 0.18180857983574486 0.4282587671855004 0.25002209275811316
2.101661779081134 0.2876361661865539 0.1819082662345033 0.42780869789877646 0.2505416888626159
2.121212121212121 0.2874629448705492 0.18137760664908828 0.42774141085844175 0.2509529877590724
2.1407624633431084 0.28747499301173257 0.18120042362908617 0.4270727209763336 0.25186708071009684
2.1603128054740957 0.28740905127864486 0.18124506985538213 0.4267921329814012 0.25213474389852725
2.179863147605083 0.2873354747419037 0.1812112742145337 0.4263019692847623 0.25290296137685647
2.19941348973607 0.28699443252536516 0.18135997669344944 0.42564302204834237 0.25331732897440346
2.2189638318670575 0.2869109504421819 0.1810252510819425 0.42599972372389616 0.2545701158532355
2.2385141739980448 0.2872242897707548 0.18094108772689665 0.42597119068596845 0.2551601728318971
2.258064516129032 0.2869744744386239 0.1806464635518882 0.42560982332406233 0.25645400628815584
2.2776148582600193 0.2869407895095784 0.18007236241444233 0.42543686457430885 0.25722586166602734
2.2971652003910066 0.28679865561601864 0.17995041852087842 0.4252392845045507 0.2585713125923296
2.316715542521994 0.2866455732708335 0.17975091212035466 0.4247812179994849 0.2593238651213399
2.336265884652981 0.2862676685309906 0.17962474571205547 0.42454739772670014 0.2605138940538256
2.3558162267839684 0.28615855816894553 0.17934915973320142 0.4234731020181665 0.26220092078377694
2.3753665689149557 0.28568580381106434 0.17905314294063718 0.4233807528867495 0.26226702854522826
2.394916911045943 0.28521011844814625 0.17890625823980133 0.4232354295314022 0.2636114670748877
2.4144672531769302 0.2847434231112619 0.17865135836867962 0.4228792575709496 0.2644588282199793
2.4340175953079175 0.2844248858927265 0.178665683625884 0.4226601600734797 0.2659405598794384
2.453567937438905 0.2842740047042735 0.17858360112858362 0.4225777911056757 0.26681038861170125
2.473118279569892 0.2841216287944166 0.17876767065631216 0.42215220341939425 0.26811765270023075
2.4926686217008793 0.28347610414022056 0.1788494595280035 0.4213349409842663 0.2690713273478704
2.5122189638318666 0.28360256593587047 0.1783203231511892 0.42061997686051156 0.2695828179462298
2.531769305962854 0.28321772608816986 0.17834370338262168 0.4200438332843717 0.2712262492584645
2.551319648093841 0.2826551715082383 0.17843962716948403 0.419362381280824 0.2726442921615577
2.5708699902248284 0.282543748828016 0.1783824151949098 0.41897537712190935 0.2733838925724651
2.5904203323558157 0.2823349303032547 0.1782536874405059 0.419156327192352 0.27459844928702276
2.609970674486803 0.2820156949541615 0.17774626008314076 0.4187876727440856 0.2764947393726864
2.6295210166177903 0.281563323532429 0.17737488522126935 0.4184205020626054 0.2783027042179505
2.6490713587487775 0.2813227428629875 0.17725436531842642 0.4183691579159259 0.2806182711338267
2.668621700879765 0.2811864398644292 0.17715194892732936 0.4182333200988523 0.2823340132506182
2.688172043010752 0.28088013625119784 0.17670908700701146 0.41790368482818063 0.283603080097404
2.7077223851417394 0.28074604594947944 0.17661142845040698 0.41788353689953633 0.2850005343434015
2.7272727272727266 0.28054876124394396 0.17643916948914512 0.4171538672441383 0.28685287859271336
2.746823069403714 0.28030441364402536 0.1762859874069724 0.4168517533282565 0.2888997414218941
2.766373411534701 0.2801321696097524 0.17629711304834542 0.4169611117364469 0.29087160853094923
2.7859237536656885 0.2801989961767478 0.17618749263548994 0.41673432497716156 0.2928666877906493
2.8054740957966757 0.2801609417305829 0.17600353471000582 0.41665611312733664 0.2945927147152862
2.825024437927663 0.2800861120421158 0.17597398402361025 0.4161199996104117 0.29725925362280115
2.8445747800586503 0.2802910092357126 0.17562875564169772 0.4156455706103073 0.2994116431044144
2.8641251221896376 0.27995761060862845 0.17554131224681518 0.41571003920693833 0.30116484890554196
2.883675464320625 0.27987014696291296 0.1752790975327122 0.41564308139423833 0.3039796144395276
2.903225806451612 0.2796280465153186 0.1752231054695245 0.41565031961417653 0.3064918937844076
2.9227761485825994 0.27937102750901976 0.17508107262022274 0.4154429001463856 0.30967005635712497
2.9423264907135867 0.2793283789290815 0.17469176342619733 0.41521477880369495 0.3127460275908323
2.961876832844574 0.27906828562829067 0.1746187145508507 0.4149901597867725 0.315974059217312
2.981427174975561 0.2787701460013435 0.17455764921624575 0.4148080272535202 0.3187155206834173
3.0009775171065485 0.27845817460110445 0.17473063448884416 0.41461680385493743 0.3210513505580411
3.0205278592375375 0.27825742254393193 0.17472331142703318 0.41444771427385957 0.32359108052624336
3.040078201368525 0.2781629270516575 0.1742797740564957 0.4141252478811689 0.3260672559774143
3.059628543499512 0.27777534398530396 0.17432231711820295 0.41397346610878294 0.3293022584651022
3.0791788856304994 0.27794153078137335 0.17429753552133612 0.4136882953733606 0.3319460909067634
3.0987292277614866 0.2778254263288495 0.17411426279244202 0.413598553119692 0.3336174452114981
3.118279569892474 0.27794764774738234 0.17415225632173767 0.41312643604999943 0.33575291012782144
3.137829912023461 0.2782733217632966 0.17434484701814154 0.4128717984539641 0.3390514697327409
3.1573802541544485 0.2779040385627229 0.1741114002960437 0.4125718321638997 0.3411780551659019
3.1769305962854357 0.2779888019887437 0.1739272893037932 0.41235953865919994 0.3445407026183119
3.196480938416423 0.2775197398224099 0.17371329936772628 0.41222772918038597 0.3457208743884673
3.2160312805474103 0.2772778200441406 0.17362105733786806 0.4118889499864572 0.34754426451560677
3.2355816226783976 0.2771364326911471 0.17370573925875496 0.411959469909059 0.3495918080890632
3.255131964809385 0.2772359465792499 0.1736343289423177 0.4120510500359317 0.3514475759613591
3.274682306940372 0.27686838351753623 0.17326727283839707 0.4118261586124116 0.35342612418924735
3.2942326490713594 0.27669047290621857 0.17303337500157087 0.41188997917078696 0.3551329945016689
3.3137829912023467 0.2763177988799833 0.17304062952564792 0.411308787723209 0.35653013929680766
3.333333333333334 0.27611069281961576 0.17302309808829572 0.4109233474568629 0.3577897575478113
3.352883675464321 0.275764065914804 0.1729569086175081 0.41064399199614815 0.358767369816692
3.3724340175953085 0.27558781800987947 0.172996517868234 0.41057463850935055 0.36064493565407213
3.3919843597262958 0.27564661211306135 0.172938702272868 0.4101255032761599 0.3611181579100195
3.411534701857283 0.27509236257172154 0.17263784607130794 0.4097240439575515 0.3616864751677665
3.4310850439882703 0.2749110552378257 0.1723296559809776 0.4090043715623047 0.3613262463776689
3.4506353861192576 0.27464315254540467 0.17242204408218606 0.4091383283139714 0.36153067209542783
3.470185728250245 0.2745952428860437 0.17258459705639717 0.4090132040976035 0.3605063212580648
3.489736070381232 0.2746026337983985 0.17263556395834567 0.40871049822073 0.3604539976411707
3.5092864125122194 0.2746948358132508 0.17252580098194337 0.4080745802119627 0.3600966511154818
3.5288367546432067 0.27482202479845447 0.17218096568141572 0.4077974356283888 0.3596990457864245
3.548387096774194 0.2743342519683842 0.1722555259364083 0.4074094394209212 0.3598718528813862
3.5679374389051812 0.27426347773201876 0.1718646321243255 0.4073596052456439 0.35977789444604985
3.5874877810361685 0.2741938670418042 0.17162451782335808 0.40690817105306204 0.3597589404429428
3.6070381231671558 0.274354233804375 0.17125302436562945 0.4067316748697064 0.3608368425638091
3.626588465298143 0.27427337436263716 0.1711469902553373 0.40645801374522617 0.3592764389915167
3.6461388074291303 0.2743161198915482 0.1710510844830446 0.40637118472478595 0.3591201088932893
3.6656891495601176 0.2739879957628494 0.17092017187565242 0.40596851199873446 0.35862417665231844
3.685239491691105 0.274111780525007 0.1705619998458242 0.4059548037876881 0.3574529309330627
3.704789833822092 0.27363631466100086 0.1703738749597714 0.4056107644281485 0.35702090271285686
3.7243401759530794 0.27335208234862396 0.17031415542193368 0.4056531940254993 0.35546429055307704
3.7438905180840667 0.27313935814931295 0.17036522829960393 0.4053245428892649 0.3546695339936224
3.763440860215054 0.27292628313510764 0.17030699492479665 0.4050461823093424 0.3529271272169781
3.7829912023460412 0.27252106767828316 0.1702079939363467 0.4046640317848593 0.3519406135159804
3.8025415444770285 0.27240477013772607 0.1702162853699405 0.4043058677379453 0.35110562303537657
3.822091886608016 0.27228510448425974 0.1702481757048441 0.4041287694242641 0.34926860701234186
3.841642228739003 0.2724063629304312 0.17037122975174926 0.4039485872981975 0.3477309327844918
3.8611925708699903 0.2722162070397426 0.17046846383285902 0.4041098865425909 0.34687594003429073
3.8807429130009776 0.2722955708056776 0.17014771759662128 0.4038762286969486 0.34593590563548327
3.900293255131965 0.2724613209197189 0.17006227489698603 0.40365760489867064 0.3438471683301538
3.919843597262952 0.27230550804138604 0.1699888641423618 0.4034356899638855 0.341546856467418
3.9393939393939394 0.27209231358725355 0.17011418052193958 0.40341219904978143 0.34008717298154406
3.9589442815249267 0.2722763053368906 0.17013716865570525 0.403128247303328 0.33917612934587216
3.978494623655914 0.2719388707799452 0.17014705860928864 0.40279131675638014 0.3381478089631068
3.9980449657869013 0.27181921291484573 0.16985930854085354 0.40227311498400536 0.33757605942875496
4.0175953079178885 0.2717166593435723 0.16979838994680094 0.40218671401918304 0.33675298115483304
4.037145650048876 0.2715676209685177 0.16958821224327106 0.4020562992230828 0.336241560734617
4.056695992179863 0.2715400930400617 0.1695406788769884 0.4023443459376922 0.33590083651359426
4.07624633431085 0.27167764618259904 0.16942199438777295 0.40222483306166085 0.3341214522238114
4.095796676441838 0.2717259298963672 0.16958764814064153 0.4020323066506592 0.33329141694133246
4.115347018572825 0.27160733034906304 0.1693816343357717 0.4022414988449125 0.33282420863708856
4.134897360703812 0.27153997450787626 0.16959414447547655 0.4023720791950764 0.3315107392296329
4.1544477028347995 0.27160194565899476 0.16949756147610512 0.4023665308393773 0.33127274692236763
4.173998044965787 0.2715054183589482 0.16969587014561252 0.40208783572786666 0.331032683228047
4.193548387096774 0.2713692760540308 0.1698255309725984 0.40186930914633756 0.3302162801075839
4.213098729227761 0.27131014681261373 0.1698145078572763 0.40135152591136025 0.32970109730078145
4.232649071358749 0.2711104785997928 0.1696931126947894 0.4008442621583855 0.3297579070468117
4.252199413489736 0.27108530833139977 0.16953481949248445 0.40087522652882474 0.3286356366337937
4.271749755620723 0.2705766906768045 0.16956358232271176 0.400431131632856 0.32971632405405704
4.29130009775171 0.27017086909400223 0.1694065710149168 0.40013370433919754 0.32893278279535154
4.310850439882698 0.27021623363562086 0.1695234628117274 0.40007935531797323 0.3288273200464681
4.330400782013685 0.27008743330096624 0.16943642732203737 0.39998800701180814 0.3291308818507099
4.349951124144672 0.2698943502413206 0.1695324824334962 0.3995980305879711 0.3290108531407862
4.3695014662756595 0.26968134857156967 0.16943198784875146 0.3995701330150114 0.32977835619703416
4.389051808406647 0.26944713597227166 0.16927472776678665 0.39955446946168305 0.3303739220488831
4.408602150537634 0.2691751715156198 0.16924050823677403 0.39961813002101143 0.3305017642365526
4.428152492668621 0.2691380741764979 0.1694801259825559 0.3994092510256042 0.3312090715408634
4.447702834799609 0.2690611411455807 0.1692528924132206 0.3997749833339914 0.3313738976337058
4.467253176930596 0.26888408629947885 0.1693961067262029 0.3996339666275388 0.3322230506688449
4.486803519061583 0.2688086459439639 0.1694106681932745 0.399834187952985 0.33310751504984587
4.50635386119257 0.26885896092734124 0.16938970365898617 0.39959998859110607 0.3343933989610055
4.525904203323558 0.26892788619832825 0.1695735603837456 0.39950033863654805 0.33470993138823135
4.545454545454545 0.2690130561311258 0.16976323278677985 0.3994023604994327 0.33563457241691125
4.565004887585532 0.2691468980864541 0.16980544247110316 0.3992457895947343 0.3364389323394323
4.5845552297165195 0.2692006556755008 0.16976995790079075 0.3992954562125268 0.33701867778513733
4.604105571847507 0.26912156198434617 0.1698070045968658 0.39938824368869097 0.3384850431389373
4.623655913978494 0.26908942064184554 0.16993422169058953 0.39990535489320583 0.33886952345541976
4.643206256109481 0.2688406717438831 0.16997865628853323 0.39976172764914414 0.3397623181522327
4.662756598240469 0.26830099225304505 0.16951528547029618 0.399673530671707 0.3405796331383907
4.682306940371456 0.2681555009477663 0.16940019842665494 0.39973615817238345 0.34103233777678765
4.701857282502443 0.2679095238079651 0.16926535379387334 0.3995954766262782 0.3425120311944597
4.7214076246334304 0.26783345260729696 0.16924168177123616 0.3996518012715 0.3438100442371408
4.740957966764418 0.2677826499292223 0.16951494084103003 0.3997783931564722 0.3441377646311816
4.760508308895405 0.26775647455179225 0.16941769809086407 0.3996206435648328 0.34574294675645534
4.780058651026392 0.26760387330101565 0.16929105269385447 0.399379291409852 0.34670061873165375
4.7996089931573795 0.26755379774800647 0.16922679725977444 0.3992575892723174 0.3489320770387079
4.819159335288367 0.26767617703234314 0.16942673962818997 0.39873012223354115 0.3520559552930422
4.838709677419354 0.2672306770415713 0.16910936531933335 0.39879444765185673 0.3532058432845888
4.858260019550341 0.2671846359542621 0.16929189639139483 0.3987712403302116 0.35492812350306585
4.877810361681329 0.2671365186252708 0.16911260996382202 0.39855860153918726 0.35805142121469063
4.897360703812316 0.26729966415402295 0.16907184587924243 0.39878532438748115 0.3603995600614845
4.916911045943303 0.2670998613648056 0.1691528139878127 0.3989016652957292 0.36248543981505726
4.9364613880742905 0.26710938448057486 0.1690083029569442 0.3989212270913062 0.3653640893590366
4.956011730205278 0.2669566176397475 0.16937262916897308 0.3989597132141809 0.3668528389633365
4.975562072336265 0.2667950902844708 0.1694362120016745 0.3989102599717916 0.36948916202052945
4.995112414467252 0.2668134444386132 0.16956327099592094 0.39918640935598726 0.3716247433061423
5.014662756598241 0.2668540670073483 0.169351166734269 0.39903155909422877 0.3747500594134645
5.034213098729229 0.26663818236231235 0.16936545946638187 0.39932701121910585 0.3761797550385924
5.053763440860216 0.26645747153345195 0.16932440961362785 0.39949718436102244 0.3776557614959291
5.073313782991203 0.2664507748726005 0.16927533271204162 0.39939239381822844 0.37920473832959106
5.09286412512219 0.2665703805145808 0.1695973326882227 0.3995976633830505 0.38088539440017954
5.112414467253178 0.2666551570348811 0.16942869973778837 0.39951500534171325 0.38201943064009175
5.131964809384165 0.2665710887139989 0.16941691143919693 0.3996035924311661 0.38302532877367546
5.151515151515152 0.26708667250146 0.16934630122900915 0.3997523791752157 0.38458774003142626
5.1710654936461395 0.26710229285090764 0.1694978068642277 0.3997931650033605 0.386481777394945
5.190615835777127 0.26691705909408164 0.16936788205889194 0.39990787408821804 0.3867464011342064
5.210166177908114 0.2668565300321327 0.16940784518683213 0.39992086029420837 0.3870954724816471
5.229716520039101 0.26713134623953216 0.1694769493008669 0.3994857110283659 0.3869487881691577
5.249266862170089 0.2672182548098208 0.16960250459853507 0.39977788961569005 0.3873779168998169
5.268817204301076 0.26726137366847963 0.16978557229006352 0.4001836871406069 0.388228751623343
5.288367546432063 0.2672812566350092 0.16999774786746957 0.40044127506374316 0.3892321623800103
5.3079178885630505 0.2677336199626831 0.16991226352210773 0.40002154796510975 0.38977826824753836
5.327468230694038 0.267860555047209 0.1699262900859426 0.39961888728578143 0.3892798716996428
5.347018572825025 0.2680157100426394 0.16952903148392226 0.40015894200498203 0.38852655793861857
5.366568914956012 0.26798997303174865 0.16962882631269344 0.3996456567894493 0.388437418439897
5.386119257087 0.26791133825520974 0.16939878062284483 0.39980244219016514 0.3864489509480497
5.405669599217987 0.26784050570402157 0.16956219971950465 0.3999007372540805 0.3848262337555084
5.425219941348974 0.2678616726031657 0.16955469077058624 0.3997883884496596 0.3823428920571956
5.444770283479961 0.2678488240221073 0.1696547980234627 0.4000160810251965 0.3808767468194185
5.464320625610949 0.2676239872254777 0.1698932793813507 0.40006744300566344 0.37982341149723153
5.483870967741936 0.2677277241997065 0.17000147893922748 0.40031426786363405 0.377882774848981
5.503421309872923 0.2681226031679019 0.17016022959745136 0.4004849196664839 0.3761352007960089
5.5229716520039105 0.2681588995445172 0.17038096154022986 0.4006435588575144 0.3743126678682457
5.542521994134898 0.2678921740999812 0.17050341285115134 0.40083306040250555 0.37300407817126424
5.562072336265885 0.2679574693845405 0.17061805402638297 0.4005420282022824 0.37125428781623254
5.581622678396872 0.2679450455269212 0.1707724744612617 0.40065714408925357 0.3690001586396651
5.60117302052786 0.2681899743423412 0.17094024851793585 0.40008393835620293 0.3671189594278832
5.620723362658847 0.2679728734936773 0.17108318360718827 0.39998153706900136 0.36544102594830746
5.640273704789834 0.26816320144733985 0.17130197609346304 0.3998922942154566 0.36451079345043375
5.659824046920821 0.26829401237326433 0.17160070112554623 0.39998290974386963 0.3624709500616189
5.679374389051809 0.26813387738115185 0.17153601094483675 0.39981434808085226 0.3611859078887831
5.698924731182796 0.26846443576369894 0.17155854966885214 0.3999184617677079 0.36062128688970596
5.718475073313783 0.2686293432886638 0.17150939554053515 0.4000808501119546 0.35960653218026023
5.7380254154447705 0.2686784159015629 0.1715658108438629 0.3999243329924525 0.35842539768409754
5.757575757575758 0.2686705410687594 0.17190020173928747 0.3998705407104839 0.3572521780648168
5.777126099706745 0.2686381323125976 0.1719391063137718 0.3999071359288834 0.3564319752957496
5.796676441837732 0.26893917367530895 0.17206771495373904 0.40047655298942614 0.35588013866580287
5.81622678396872 0.2692289557544348 0.1720458951633605 0.40068267513907085 0.35481949540244434
5.835777126099707 0.26933203072634043 0.17249015001901702 0.4013472675375666 0.35318168152014573
5.855327468230694 0.2690638042677373 0.17234044202639104 0.401406795293752 0.3524737851292885
5.874877810361681 0.26925107461966846 0.17259058517929685 0.4018001984427633 0.35174049949650665
5.894428152492669 0.2693118839314644 0.1728463638904393 0.40239723099701163 0.3504551649455642
5.913978494623656 0.26965736025478576 0.17304423418097883 0.40272505780325396 0.34982215508079345
5.933528836754643 0.26934512351951584 0.17317883709781873 0.40335141459962703 0.35030142085716554
5.9530791788856305 0.26984684997795155 0.17326710886807822 0.4036157758624302 0.35030706838666553
5.972629521016618 0.27050674520830953 0.17343283546336813 0.4040853961716596 0.34894583080907987
5.992179863147605 0.27080169988873787 0.17387716548214494 0.4044815463499532 0.3494654396804088
6.011730205278592 0.2712233887151192 0.17433309896451832 0.4046429991977754 0.34926323739989223
6.03128054740958 0.27129643423529815 0.17464822827485407 0.40515718690502717 0.3494324917380826
6.050830889540567 0.2714811256165454 0.1745520311978897 0.4051515260902692 0.3489112616864042
6.070381231671554 0.27168560492214244 0.17464348263631763 0.405090363654752 0.35016111584114235
6.0899315738025415 0.2725402101614736 0.17438258192019476 0.4056665668274905 0.35119194944939863
6.109481915933529 0.27259141834279327 0.17467385995324236 0.40615919535628625 0.3524055026020445
6.129032258064516 0.27262787829074797 0.17518116734984832 0.40637812949353114 0.3534082831648245
6.148582600195503 0.27266455266147543 0.17566921373062303 0.4071305983730127 0.35455188639501284
6.168132942326491 0.27311728170962285 0.1759590447236303 0.4073225949988809 0.3555868965464441
6.187683284457478 0.273638408158156 0.17608103531984437 0.4079572718681683 0.3565373155467151
6.207233626588465 0.2740199414570878 0.1764070101814882 0.40904051062061286 0.35811921636295807
6.226783968719452 0.27438520028731544 0.17634002062578386 0.4092896347728975 0.3587887060546258
6.24633431085044 0.275177010555521 0.1761979576559512 0.4101072383527896 0.3598369427361389
6.265884652981427 0.2755179679302274 0.17602752361098956 0.4110212198432141 0.3613761442080343
6.285434995112414 0.2759404656358181 0.17620129147189195 0.41118328005447413 0.36311222583410185
6.3049853372434015 0.276336249175572 0.17634313363739265 0.4117245752217563 0.3641152902911955
6.324535679374389 0.27679087257152835 0.1763458030423192 0.4125546469465187 0.36561862203237006
6.344086021505376 0.2774381710017125 0.17656068338413194 0.4131576294361786 0.3671223797279104
6.363636363636363 0.27775830074929886 0.17712148896183436 0.41316220883864474 0.36818027053433766
6.383186705767351 0.27786123361327575 0.17740986437432252 0.41365172591900073 0.3710476657236045
6.402737047898338 0.27814733676615416 0.1776677082783288 0.41420249292038014 0.3739150790869247
6.422287390029325 0.2781500261780515 0.17766076092320207 0.4151029798438316 0.3761909893523733
6.441837732160312 0.2784344809697557 0.17784484542151582 0.41560391749826314 0.37830019013720956
6.4613880742913 0.2786826855163224 0.1779378746255859 0.4156438477087144 0.37958783030512017
6.480938416422287 0.2787278263025725 0.17817963113191956 0.4159904066917686 0.38129518605232854
6.500488758553274 0.2790904942266736 0.17868423193427993 0.4164006717604016 0.3834508475375157
6.5200391006842615 0.27973839815898977 0.17841250364732975 0.4174295937941801 0.3847687564455311
6.539589442815249 0.28000591498238886 0.17860811625564216 0.41858536593258105 0.3862275984731459
6.559139784946236 0.28056274893811767 0.17874661061610456 0.41949482000563554 0.3883679707747669
6.578690127077223 0.28102694846478593 0.179200720031802 0.42076888647476424 0.3903928544935738
6.598240469208211 0.28104445557158547 0.17960302909737208 0.4214794898647827 0.39245655348174324
6.617790811339198 0.2815333424793996 0.17978553064430863 0.4223961559829885 0.39359418643901756
6.637341153470185 0.28191853464401434 0.17982720155481957 0.42322521127452717 0.39559138296270674
6.656891495601172 0.28219933426931454 0.17975124381264573 0.4242343334011014 0.396653193795624
6.67644183773216 0.2829033992587411 0.1799786262868021 0.4259006650930538 0.39789075095365944
6.695992179863147 0.28343027348615374 0.1800532483196211 0.4267507798171864 0.398999762366157
6.715542521994134 0.2838576521818595 0.1802610087778526 0.4276686573965183 0.3994876254821419
6.7350928641251215 0.2842100451101773 0.1808126372879386 0.42822570936948323 0.40088877674246814
6.754643206256109 0.2843911401380221 0.1809401599908009 0.42956296129581156 0.4031882531776661
6.774193548387096 0.2850088859757776 0.1810815594584772 0.4311337382875411 0.40521555592353037
6.793743890518083 0.28587465137555884 0.180992438903438 0.4323537116676387 0.40628903653310994
6.813294232649071 0.2865853345549177 0.18131658156495833 0.43370188479158317 0.4080808510850783
6.832844574780058 0.28696474134203576 0.1817849278955187 0.4341245108480644 0.4095022187228988
6.852394916911045 0.2873638938711127 0.1820357255554514 0.43538527047043607 0.41037306563387405
6.8719452590420325 0.28832503447998087 0.18237654984705287 0.4361865661921483 0.41156924244458654
6.89149560117302 0.28909069482788 0.1826890508150473 0.4371174495459047 0.41288833729892854
6.911045943304007 0.2894821861708167 0.18291895423416954 0.43813024544940316 0.4148916130700838
6.930596285434994 0.28986763164518553 0.18316138850713787 0.43892993519351475 0.41607553533410074
6.950146627565982 0.29117545296442143 0.18326470468179396 0.43908053198481756 0.41741242861162875
6.969696969696969 0.29191391133772887 0.18377850799064352 0.4395358163654893 0.4176906403568938
6.989247311827956 0.2923378952259041 0.18402644500596688 0.4403282022029484 0.4181954422925278
7.008797653958943 0.292603546795958 0.1843996524473935 0.44111094090259567 0.41835875329897765
7.028347996089931 0.29358656177806663 0.18462047496075742 0.4425047898709932 0.41893855092642623
7.047898338220918 0.29411992495554284 0.18451245621042436 0.44398990568010505 0.41942512966885814
7.067448680351905 0.2947626433620321 0.18476205322325306 0.4455943712810765 0.42085240853977407
7.0869990224828925 0.2955125503711644 0.18537271328911079 0.446955530976393 0.4202038289330685
7.10654936461388 0.29632399190552655 0.18602501981359615 0.4487695035070286 0.4204155960081044
7.126099706744867 0.2967769919890365 0.18594347188812388 0.4499154133557355 0.4209951001140114
7.145650048875854 0.29774287954136114 0.18646031957326117 0.45069746673890915 0.4215283302324601
7.165200391006842 0.29809550237610033 0.18634612994454688 0.45189362623851564 0.4221870348030013
7.184750733137829 0.29894242859208 0.18647601210426043 0.4526626141087482 0.42104980632695554
7.204301075268816 0.29980965690775646 0.18673419942019776 0.4540863083136224 0.42099881678042406
7.223851417399803 0.30018670627640975 0.18710106785367941 0.4554252031982958 0.4207613669011604
7.243401759530791 0.30087747109704793 0.1877643127716035 0.45696455101803585 0.42048116768080096
7.262952101661778 0.3014999269838753 0.18769460697471976 0.45782251813247454 0.4193796683683393
7.282502443792765 0.3017986990524993 0.18799305266082525 0.45912345832459484 0.4182801164905938
7.3020527859237525 0.30242911003156825 0.18824559147776526 0.4599992535534841 0.416681376457677
7.32160312805474 0.30354913485715146 0.18903171948095074 0.4612682930812701 0.41655007748544814
7.341153470185727 0.304525503526144 0.18935683236076487 0.46196288744632164 0.41634029464612
7.360703812316714 0.3055954465547245 0.18908828465982186 0.4634245881541052 0.41482147723012913
7.380254154447702 0.306329045915801 0.18981577627596988 0.465601589122416 0.4135254198967952
7.399804496578689 0.30701530174080255 0.19005970162888838 0.466405321660997 0.41157885043000175
7.419354838709676 0.3074766653884289 0.1902083853789627 0.46796670847540167 0.410750615803142
7.438905180840663 0.30827604184638224 0.19085164501726573 0.4695951454711517 0.40919896305152875
7.458455522971651 0.3088338176548429 0.19166656378696592 0.47132735718351404 0.4084172147215626
7.478005865102638 0.3094883665183439 0.19204848438518138 0.47171380876802965 0.4073121616011768
7.497556207233625 0.3103407852917762 0.19241770220952656 0.47249345616554284 0.40638578940163295
7.5171065493646125 0.31073357735546314 0.19260257971991393 0.4742916179561542 0.4047295389392122
7.5366568914956 0.31123235806250077 0.19341595052011387 0.47669567788899525 0.40300906839606937
7.556207233626587 0.3120057545605503 0.19346037505120525 0.4785805155905831 0.4005964210967717
7.575757575757574 0.31255226486297993 0.19374114805995166 0.4801491103637535 0.4002107951288014
7.595307917888562 0.31341482985635266 0.19409260591055252 0.48128905545952605 0.3990740098681247
7.614858260019549 0.3149233265140463 0.1941437634600102 0.48344164095020525 0.39737269430996425
7.634408602150536 0.31570540703579775 0.19426829115259225 0.48496758576160426 0.3962310786676667
7.6539589442815235 0.31698564088762166 0.1947154965857455 0.4866936598000902 0.393857958132499
7.673509286412511 0.3176181256737581 0.19519450081630643 0.4889384683540382 0.39328698361032516
7.693059628543498 0.31821878041664664 0.1953577919924001 0.4900651843892611 0.3923346442180576
7.712609970674485 0.3187554798830309 0.19633809979036626 0.49191224533153327 0.3910882209619729
7.732160312805473 0.3191995211549305 0.196386076735061 0.4943587996074708 0.38975678532212843
7.75171065493646 0.3194395301484138 0.1970438640630915 0.4957172528545239 0.38824750720640666
7.771260997067447 0.3201400722461723 0.19747486363929845 0.49688998519228833 0.38739908931568395
7.790811339198434 0.32102241063623355 0.1981542739623637 0.5000150855668348 0.38659927546970546
7.810361681329422 0.32126621914509434 0.19881220183751194 0.5009234244077865 0.3857919700940725
7.829912023460409 0.32215906023957047 0.19953092867230668 0.5021396512079958 0.38474271331756565
7.849462365591396 0.3229888635585368 0.1996891051661056 0.503464403374086 0.3838282173846433
7.8690127077223835 0.3247570974503007 0.2003953448591657 0.5048152623073922 0.38309935885974183
7.888563049853371 0.32580184370697474 0.20127533500187172 0.5068775722414692 0.3827616426644375
7.908113391984358 0.32606253944170216 0.20267399212551623 0.5095421194269777 0.38129341093616836
7.927663734115345 0.3268561133283758 0.2031208933587511 0.5126382156879882 0.38085156733763
7.947214076246333 0.3279242655487777 0.2032489827055363 0.5142872435943174 0.3804776266189144
7.96676441837732 0.3289127465915948 0.203383239363824 0.5167688225100814 0.38002117109889144
7.986314760508307 0.33005462516696543 0.20395638629489338 0.519522605397775 0.3787855664054277
8.005865102639294 0.33063800427610396 0.20474391909963188 0.5211085814325196 0.3776190572805858
8.025415444770285 0.33181696202781374 0.20489898754926156 0.5227310870167144 0.3762421109129913
8.044965786901273 0.3327718335805754 0.2051040727563513 0.5231902806143353 0.37558767044977953
8.06451612903226 0.3334172277106329 0.20566661246768797 0.5251132620303832 0.3738344844038128
8.084066471163247 0.3342970932090245 0.2066025293207576 0.5277005845909982 0.3739298159422202
8.103616813294234 0.33548447378795754 0.2069469948234866 0.5300066118209685 0.372767412017369
8.123167155425222 0.336393808051909 0.2075782033296442 0.5326890964443802 0.3722425570100659
8.142717497556209 0.3373329431681329 0.20807429756854737 0.5355898312983607 0.3723290496603082
8.162267839687196 0.33888064713355137 0.20825237618364117 0.536946198201796 0.3721615378254031
8.181818181818183 0.34158686089556034 0.2092600786674024 0.5386942052579683 0.37143059293192654
8.20136852394917 0.3428675828819623 0.2097525386876347 0.5401672932273629 0.3709793701952129
8.220918866080158 0.3434842335622234 0.21033024795066105 0.5418634128350488 0.37074364537940174
8.240469208211145 0.3447673454308011 0.2107081114466655 0.5436288073997215 0.3699043127089621
8.260019550342133 0.34556815904424953 0.21111715141968404 0.5451364043439323 0.3688131455822951
8.27956989247312 0.34663520006130494 0.21220167562196354 0.5468260405426879 0.3689566035086005
8.299120234604107 0.348492775971522 0.21235943135990581 0.5489251447372365 0.3688015560199689
8.318670576735094 0.35011589104153673 0.21319062719297327 0.5504645963488993 0.3681421935881298
8.338220918866082 0.35115762635382736 0.21391239988886085 0.5518293817501032 0.36740439899087535
8.357771260997069 0.35247413361256547 0.21436999665668272 0.5544535657372467 0.3670407911870098
8.377321603128056 0.3535602627781114 0.21462763826207448 0.5565996458517892 0.36648305529282765
8.396871945259043 0.35511816706174637 0.21565785759884515 0.5589435870799107 0.36697880123370635
8.41642228739003 0.3564059273989082 0.21627578600809344 0.5601743873563173 0.3661769240805202
8.435972629521018 0.35705707024048494 0.21715470156012648 0.5632247466166175 0.3657610843665142
8.455522971652005 0.35757089307136875 0.21741694383007304 0.565215563623896 0.3653228388628048
8.475073313782993 0.35871454979327067 0.21811012614791855 0.5676074321104526 0.36472542013619275
8.49462365591398 0.35949659623283975 0.21883104344091558 0.5700140083736388 0.3642868725141487
8.514173998044967 0.359957950590675 0.21932424295344985 0.5716082454111525 0.3648757479329642
8.533724340175954 0.3604861616000828 0.21969742892876687 0.573506950166117 0.3640616240347672
8.553274682306942 0.3622431739197177 0.22032555630910305 0.576175882386298 0.363925313305155
8.572825024437929 0.3637052407633109 0.2209253787902342 0.5777742003440856 0.362516930603907
8.592375366568916 0.36454600161586004 0.22129562702749653 0.5800878348490364 0.36134754650473805
8.611925708699903 0.365188236232873 0.2218610531117288 0.582617858852417 0.36056339234306567
8.63147605083089 0.3665194439750077 0.22277674579508078 0.5845177444499465 0.3606684512750653
8.651026392961878 0.3676238046080581 0.22311474858810013 0.5867404644836657 0.3610408975556162
8.670576735092865 0.36842813148470094 0.22382663447741022 0.5877718681908705 0.3603135976897873
8.690127077223853 0.36896145352619825 0.22396470905997545 0.5894033537423233 0.35897637612899286
8.70967741935484 0.3693512996432224 0.22388635644458382 0.5917574799235759 0.3584466595857969
8.729227761485827 0.3695692667335449 0.2241784863990376 0.5953025879473121 0.35895902859948237
8.748778103616814 0.3698215702986172 0.22522400624258315 0.5969926246239927 0.3594868711325163
8.768328445747802 0.37073794555781453 0.22644375314293216 0.5991662856348415 0.35893909025160403
8.787878787878789 0.3715961616719004 0.22652231126336164 0.5998764920957664 0.35883742824747283
8.807429130009776 0.3719224053443595 0.2264272267314093 0.6011720033859465 0.3582488332721782
8.826979472140764 0.3724005024849645 0.22758486217548407 0.6032112403295479 0.3586510495749108
8.84652981427175 0.3737195900732798 0.22809182547484919 0.6035527800156533 0.3582056437558598
8.866080156402738 0.3747114538946304 0.2281950398001046 0.6053212681307935 0.35740524575000143
8.885630498533725 0.3763882870518532 0.22895869898556234 0.6072701465004021 0.35685556333206586
8.905180840664713 0.37748685126741566 0.22921026066378322 0.6085223932670719 0.35531940602862017
8.9247311827957 0.37786350194011775 0.22976184838667552 0.609503963722344 0.35499207872289673
8.944281524926687 0.37879059859855607 0.23049907047838497 0.6122341911593984 0.3540912243902612
8.963831867057674 0.3801372219289583 0.23097793222410876 0.6134619777624051 0.3535501547685649
8.983382209188662 0.3809037071620229 0.2314001441609807 0.6148034652628539 0.351574382329243
9.002932551319649 0.38190390124778684 0.23187254600917534 0.6163087658409205 0.35171630275727245
9.022482893450636 0.38335308414025865 0.2314641118945657 0.6182011746002475 0.35119362612038935
9.042033235581624 0.38487155805092266 0.2322072201899171 0.6201437273936226 0.35024284593749766
9.06158357771261 0.3858573567850859 0.2317166334205626 0.6220792056049491 0.3494019457922742
9.081133919843598 0.3862859599572602 0.2315569678885671 0.6248502602144581 0.3484399373134501
9.100684261974585 0.38748990064406547 0.2316767445268254 0.6262162626636659 0.3470923193611372
9.120234604105573 0.3883559520418845 0.23214814172771836 0.6277382334798939 0.3470560983563938
9.13978494623656 0.3897628129939691 0.23231219923827598 0.6283891133536565 0.34632310687308493
9.159335288367547 0.3902613367449345 0.23233628281922017 0.6297106525128233 0.345769682941143
9.178885630498534 0.3915956517423278 0.23320839209770955 0.6308451482625865 0.3454265239280364
9.198435972629522 0.39257932613960445 0.23413441994286954 0.6315896624120633 0.3455380359926711
9.217986314760509 0.39271563518430014 0.23395905683902093 0.6332764638070497 0.34448461093225313
9.237536656891496 0.39297961292516476 0.23413335108717184 0.6353141940995668 0.3444439470925695
9.257086999022484 0.39339048296814044 0.2341015829240221 0.6365260532710326 0.3438924294690539
9.27663734115347 0.3938834629055907 0.23397991833247844 0.6353703345934016 0.34335283620099194
9.296187683284458 0.3936749185349929 0.23490375237777367 0.6353710811001198 0.34355316193491103
9.315738025415445 0.39457098721945655 0.23522393991104296 0.6371560548852173 0.3425413839523056
9.335288367546433 0.3950052026941459 0.23593999364505439 0.6387756635661653 0.34200949503267136
9.35483870967742 0.3956120288984558 0.23562981754827705 0.6400839857241014 0.3413610639916842
9.374389051808407 0.39637777319160333 0.23648958171380033 0.6415815737617897 0.34016523749738986
9.393939393939394 0.3974096246893253 0.23693504554238645 0.6417672360557172 0.3388719811283629
9.413489736070382 0.3977669827318987 0.23727133300500636 0.6427161513329487 0.3377434206997938
9.433040078201369 0.39854003710928215 0.2382198878889062 0.6432332337300809 0.3366922216847135
9.452590420332356 0.3995791760137085 0.23864238995709458 0.6449303370087409 0.3357914045435295
9.472140762463344 0.39997618232966337 0.23865749347491402 0.6449535748198073 0.3347994933392629
9.49169110459433 0.4005189317945396 0.23854951397845242 0.644884200693651 0.33397568392617205
9.511241446725318 0.4012769205560188 0.2382127276671979 0.6449845178670073 0.3329520462275018
9.530791788856305 0.4018497336154509 0.23836154476225102 0.6453395001990561 0.33200766595105907
9.550342130987293 0.40202436496250027 0.23809193301465878 0.6454235537034018 0.33115571598505483
9.56989247311828 0.40198330510794283 0.23842038965563378 0.6466462155533315 0.33116843646314187
9.589442815249267 0.4025959966615573 0.2392142098388093 0.6473191518649402 0.33022697231295983
9.608993157380255 0.4026433125269782 0.23946417006751047 0.647605798186098 0.32844008067854263
9.628543499511242 0.4025001200971203 0.23984904963926995 0.646296895925548 0.32835299695015185
9.648093841642229 0.4032720034706695 0.24020961261175816 0.645864898546623 0.32783313658017815
9.667644183773216 0.4034085703627325 0.24029145006971972 0.6453290710641889 0.3281002171695769
9.687194525904204 0.4033266747191218 0.2401282061880765 0.6455298205243655 0.32692805316268986
9.70674486803519 0.4029782007406457 0.24051217996484098 0.6458091936241583 0.3265389268986748
9.726295210166178 0.403329109616406 0.24086296200223015 0.6449399794027281 0.32631984935465197
9.745845552297165 0.4034457723372051 0.24082528427012903 0.6444670013571978 0.32557934457982496
9.765395894428153 0.4033286458073102 0.24080357924230494 0.64443528991865 0.3248305570537434
9.78494623655914 0.4032347251006632 0.24079062221236133 0.6439507068978017 0.324890340392897
9.804496578690127 0.403497652640155 0.2410050582301583 0.644859282012525 0.3244596559899381
9.824046920821115 0.40415988203584563 0.24061369494823057 0.6473421202413876 0.3245027701115116
9.843597262952102 0.4045540533722372 0.24065305066406054 0.6490927419949942 0.3237056664218652
9.863147605083089 0.40359309517237835 0.24045910289530745 0.6505912089526935 0.32264124541505557
9.882697947214076 0.4025558497141606 0.24072466178458632 0.651424594382338 0.3223521973804976
9.902248289345064 0.4028810645054978 0.24075202753111904 0.6518277500632058 0.32193679561088884
9.921798631476051 0.40280862502049286 0.24061217868210827 0.6508455937312075 0.3226355657958519
9.941348973607038 0.4029313259968113 0.24047620330360525 0.6514242305416642 0.3216722432026465
9.960899315738025 0.4032742874869097 0.24097941020643407 0.6510932680949978 0.32147344586854903
9.980449657869013 0.4039698681708143 0.24075529159328396 0.6505851300881101 0.3213370271047161
10.0 0.40386896521804305 0.24051932856628092 0.6531132388088822 0.3212034690865904
